<?xml version="1.0" encoding="utf-8"?>
<COLLADA xmlns="http://www.collada.org/2005/11/COLLADASchema" version="1.4.1">
  <asset>
    <contributor>
      <author>Mixamo</author>
      <authoring_tool>COLLADA Mixamo exporter</authoring_tool>
      <comments/>
    </contributor>
    <created>2023-03-01T08:46:15Z</created>
    <modified>2023-03-01T08:46:15Z</modified>
    <revision/>
    <title/>
    <unit meter="0.010000"/>
    <up_axis>Y_UP</up_axis>
  </asset>
  <library_animations>
    <animation id="mixamorig_Hips-anim" name="mixamorig_Hips">
      <source id="mixamorig_Hips-Matrix-animation-input">
        <float_array id="mixamorig_Hips-Matrix-animation-input-array" count="67">

0.000000 0.033333 0.066667 0.100000 0.133333 0.166667 0.200000 0.233333 0.266667 0.300000 0.333333 0.366667 0.400000 0.433333 0.466667 0.500000
0.533333 0.566667 0.600000 0.633333 0.666667 0.700000 0.733333 0.766667 0.800000 0.833333 0.866667 0.900000 0.933333 0.966667 1.000000 1.033333
1.066667 1.100000 1.133333 1.166667 1.200000 1.233333 1.266667 1.300000 1.333333 1.366667 1.400000 1.433333 1.466667 1.500000 1.533333 1.566667
1.600000 1.633333 1.666667 1.700000 1.733333 1.766667 1.800000 1.833333 1.866667 1.900000 1.933333 1.966667 2.000000 2.033333 2.066667 2.100000
2.133333 2.166667 2.200000</float_array>
        <technique_common>
          <accessor source="#mixamorig_Hips-Matrix-animation-input-array" count="67">
            <param name="TIME" type="float"/>
          </accessor>
        </technique_common>
      </source>
      <source id="mixamorig_Hips-Matrix-animation-output-transform">
        <float_array id="mixamorig_Hips-Matrix-animation-output-transform-array" count="1072">

0.515373 -0.007354 -0.856934 0.204282 -0.118341 0.989772 -0.079666 82.208580 0.848755 0.142468 0.509232 -1.486845 0.000000 0.000000 0.000000 1.000000
0.531872 -0.002534 -0.846821 0.146001 -0.123020 0.989156 -0.080227 82.096916 0.837841 0.146846 0.525793 -1.640554 0.000000 0.000000 0.000000 1.000000
0.551142 0.007511 -0.834378 -0.017306 -0.130150 0.988494 -0.077071 82.024384 0.824199 0.151071 0.545778 -1.768129 0.000000 0.000000 0.000000 1.000000
0.574643 0.022412 -0.818097 -0.333054 -0.137584 0.988044 -0.069573 82.147438 0.806757 0.152537 0.570856 -1.892841 0.000000 0.000000 0.000000 1.000000
0.603259 0.038591 -0.796611 -0.815658 -0.141971 0.988072 -0.059646 82.547638 0.784808 0.149078 0.601542 -2.039022 0.000000 0.000000 0.000000 1.000000
0.637154 0.051579 -0.769009 -1.458979 -0.140858 0.988747 -0.050390 83.213524 0.757756 0.140427 0.637249 -2.209911 0.000000 0.000000 0.000000 1.000000
0.675984 0.059342 -0.734523 -2.292333 -0.134380 0.989966 -0.043691 84.106911 0.724561 0.128240 0.677175 -2.391766 0.000000 0.000000 0.000000 1.000000
0.718794 0.062775 -0.692383 -3.363386 -0.125303 0.991303 -0.040207 85.164162 0.683837 0.115658 0.720409 -2.540962 0.000000 0.000000 0.000000 1.000000
0.764144 0.063980 -0.641865 -4.681044 -0.116370 0.992416 -0.039616 86.285645 0.634462 0.104966 0.765794 -2.612817 0.000000 0.000000 0.000000 1.000000
0.810215 0.066195 -0.582384 -6.202147 -0.110549 0.993028 -0.040926 87.438568 0.575614 0.097541 0.811883 -2.573974 0.000000 0.000000 0.000000 1.000000
0.854106 0.076353 -0.514463 -7.950123 -0.113346 0.992716 -0.040843 88.588524 0.507598 0.093197 0.856539 -2.438497 0.000000 0.000000 0.000000 1.000000
0.892306 0.088374 -0.442697 -9.883072 -0.115038 0.992790 -0.033685 89.691574 0.436528 0.080985 0.896039 -2.241321 0.000000 0.000000 0.000000 1.000000
0.926281 0.092129 -0.365397 -11.844414 -0.109823 0.993560 -0.027892 90.685844 0.360474 0.065964 0.930434 -1.909570 0.000000 0.000000 0.000000 1.000000
0.953956 0.091433 -0.285670 -13.750812 -0.101686 0.994590 -0.021233 91.542763 0.282183 0.049304 0.958093 -1.446184 0.000000 0.000000 0.000000 1.000000
0.977381 0.090745 -0.191029 -15.542966 -0.095654 0.995276 -0.016615 91.974617 0.188619 0.034512 0.981444 -0.897775 0.000000 0.000000 0.000000 1.000000
0.992791 0.083637 -0.085848 -17.180050 -0.085001 0.996304 -0.012345 92.047424 0.084498 0.019553 0.996232 -0.189639 0.000000 0.000000 0.000000 1.000000
0.997074 0.071208 0.027790 -18.652369 -0.071239 0.997459 0.000131 91.861038 -0.027710 -0.002110 0.999614 0.687740 0.000000 0.000000 0.000000 1.000000
0.986944 0.057613 0.150407 -19.917582 -0.060553 0.998052 0.015035 91.401840 -0.149248 -0.023946 0.988510 1.636277 0.000000 0.000000 0.000000 1.000000
0.962892 0.041920 0.266612 -21.001606 -0.050657 0.998378 0.025976 90.731117 -0.265090 -0.038518 0.963454 2.673772 0.000000 0.000000 0.000000 1.000000
0.930568 0.028055 0.365043 -21.976124 -0.045327 0.998217 0.038829 89.814751 -0.363303 -0.052679 0.930181 3.714104 0.000000 0.000000 0.000000 1.000000
0.900396 0.016678 0.434752 -22.789467 -0.045832 0.997341 0.056661 88.733711 -0.432651 -0.070943 0.898766 4.659517 0.000000 0.000000 0.000000 1.000000
0.888518 0.012155 0.458680 -23.098436 -0.047401 0.996732 0.065409 88.231407 -0.456387 -0.079859 0.886191 5.083808 0.000000 0.000000 0.000000 1.000000
0.878023 0.008680 0.478540 -23.365885 -0.049987 0.996031 0.073649 87.755898 -0.476001 -0.088586 0.874972 5.522266 0.000000 0.000000 0.000000 1.000000
0.868820 0.006489 0.495085 -23.599812 -0.053769 0.995237 0.081315 87.296082 -0.492199 -0.097268 0.865031 5.986117 0.000000 0.000000 0.000000 1.000000
0.861112 0.005597 0.508384 -23.804169 -0.058860 0.994313 0.088752 86.847549 -0.504996 -0.106349 0.856545 6.465366 0.000000 0.000000 0.000000 1.000000
0.855033 0.005894 0.518540 -23.976292 -0.065131 0.993238 0.096108 86.414360 -0.514467 -0.115948 0.849635 6.947710 0.000000 0.000000 0.000000 1.000000
0.850599 0.006993 0.525769 -24.102306 -0.071782 0.992095 0.102934 86.003296 -0.520893 -0.125296 0.844377 7.424085 0.000000 0.000000 0.000000 1.000000
0.847811 0.008105 0.530237 -24.171337 -0.077051 0.991155 0.108050 85.668503 -0.524671 -0.132461 0.840936 7.823790 0.000000 0.000000 0.000000 1.000000
0.846294 0.009076 0.532639 -24.133345 -0.085555 0.989192 0.119081 84.964226 -0.525801 -0.146347 0.837923 8.732105 0.000000 0.000000 0.000000 1.000000
0.855960 0.017288 0.516753 -23.948420 -0.100754 0.985858 0.133910 84.441826 -0.507130 -0.166687 0.845597 9.778552 0.000000 0.000000 0.000000 1.000000
0.884554 0.033658 0.465222 -23.530384 -0.107713 0.985174 0.133526 84.886909 -0.453831 -0.168222 0.875065 10.432518 0.000000 0.000000 0.000000 1.000000
0.936768 0.055752 0.345482 -22.753706 -0.105419 0.986327 0.126674 86.539146 -0.333696 -0.155084 0.929837 10.504549 0.000000 0.000000 0.000000 1.000000
0.988813 0.085371 0.122315 -21.575518 -0.100379 0.987403 0.122305 89.589256 -0.110333 -0.133215 0.984927 9.928393 0.000000 0.000000 0.000000 1.000000
0.976003 0.095666 -0.195617 -19.893547 -0.078103 0.992349 0.095620 93.717972 0.203268 -0.078047 0.976008 8.971857 0.000000 0.000000 0.000000 1.000000
0.838543 0.073418 -0.539867 -17.708355 -0.063189 0.997298 0.037477 97.841019 0.541159 0.002688 0.840916 8.043524 0.000000 0.000000 0.000000 1.000000
0.617743 0.029060 -0.785843 -15.289918 -0.075285 0.996912 -0.022316 100.789017 0.782768 0.072948 0.618023 7.049085 0.000000 0.000000 0.000000 1.000000
0.437206 -0.005992 -0.899341 -12.675615 -0.100318 0.993413 -0.055388 102.194214 0.893749 0.114436 0.433725 5.790938 0.000000 0.000000 0.000000 1.000000
0.348419 -0.007273 -0.937311 -10.194152 -0.153087 0.986102 -0.064558 102.869049 0.924753 0.165984 0.342463 5.444112 0.000000 0.000000 0.000000 1.000000
0.378275 -0.010526 -0.925634 -7.841498 -0.212792 0.972169 -0.098016 102.652634 0.900904 0.234045 0.365507 6.168535 0.000000 0.000000 0.000000 1.000000
0.445946 -0.030655 -0.894535 -6.282609 -0.225813 0.963231 -0.145582 101.453445 0.866107 0.266919 0.422627 8.019208 0.000000 0.000000 0.000000 1.000000
0.466663 -0.078674 -0.880929 -5.415660 -0.191976 0.963278 -0.187726 100.435280 0.863349 0.256722 0.434422 9.651008 0.000000 0.000000 0.000000 1.000000
0.451025 -0.094970 -0.887444 -4.994824 -0.180748 0.964000 -0.195024 99.550690 0.874018 0.248365 0.417622 10.804938 0.000000 0.000000 0.000000 1.000000
0.416447 -0.088605 -0.904832 -4.598948 -0.179470 0.967644 -0.177357 98.299911 0.891270 0.236250 0.387071 11.890280 0.000000 0.000000 0.000000 1.000000
0.376502 -0.084620 -0.922543 -4.346143 -0.170783 0.972412 -0.158893 97.014046 0.910538 0.217379 0.351663 12.811595 0.000000 0.000000 0.000000 1.000000
0.353197 -0.086089 -0.931580 -4.237712 -0.168039 0.973725 -0.153694 96.007149 0.920334 0.210826 0.329450 13.512272 0.000000 0.000000 0.000000 1.000000
0.348156 -0.089725 -0.933133 -4.115095 -0.170364 0.972777 -0.157100 95.372772 0.921826 0.213667 0.323393 13.831987 0.000000 0.000000 0.000000 1.000000
0.347408 -0.093500 -0.933041 -4.005214 -0.168311 0.972640 -0.160136 95.041039 0.922485 0.212674 0.322166 13.746415 0.000000 0.000000 0.000000 1.000000
0.344152 -0.092610 -0.934335 -3.916076 -0.161208 0.974518 -0.155972 94.695778 0.924971 0.204300 0.320453 13.374641 0.000000 0.000000 0.000000 1.000000
0.342781 -0.084114 -0.935642 -3.850019 -0.153848 0.977510 -0.144241 94.077187 0.926732 0.193389 0.322131 12.783567 0.000000 0.000000 0.000000 1.000000
0.351197 -0.071578 -0.933561 -3.824255 -0.149532 0.979988 -0.131390 93.097595 0.924284 0.185741 0.333466 11.994392 0.000000 0.000000 0.000000 1.000000
0.373097 -0.057053 -0.926037 -3.786493 -0.146442 0.981975 -0.119501 91.745621 0.916163 0.180195 0.358017 11.041817 0.000000 0.000000 0.000000 1.000000
0.399510 -0.047703 -0.915487 -3.755809 -0.143278 0.983123 -0.113752 90.090202 0.905463 0.176615 0.385933 9.949195 0.000000 0.000000 0.000000 1.000000
0.423698 -0.040279 -0.904907 -3.710229 -0.144414 0.983229 -0.111383 88.217613 0.894217 0.177873 0.410775 8.824894 0.000000 0.000000 0.000000 1.000000
0.444054 -0.028975 -0.895531 -3.604376 -0.145109 0.983957 -0.103789 86.141045 0.884172 0.176038 0.432725 7.732812 0.000000 0.000000 0.000000 1.000000
0.456884 -0.019867 -0.889304 -3.418386 -0.138962 0.985882 -0.093417 83.934418 0.878605 0.166260 0.447673 6.634004 0.000000 0.000000 0.000000 1.000000
0.458602 -0.014925 -0.888517 -3.109728 -0.132001 0.987622 -0.084721 81.919662 0.878783 0.156138 0.450955 5.593410 0.000000 0.000000 0.000000 1.000000
0.455330 -0.007122 -0.890295 -2.706024 -0.130411 0.988649 -0.074606 80.378830 0.880720 0.150075 0.449232 4.693866 0.000000 0.000000 0.000000 1.000000
0.452424 0.000947 -0.891803 -2.227669 -0.129344 0.989496 -0.064567 79.314987 0.882373 0.144560 0.447794 3.935455 0.000000 0.000000 0.000000 1.000000
0.448981 0.001900 -0.893539 -1.766282 -0.124783 0.990332 -0.060595 78.806900 0.884785 0.138705 0.444878 3.162158 0.000000 0.000000 0.000000 1.000000
0.445709 0.002587 -0.895174 -1.375535 -0.119712 0.991186 -0.056740 78.895409 0.887137 0.132452 0.442090 2.382811 0.000000 0.000000 0.000000 1.000000
0.447887 0.000540 -0.894090 -1.018320 -0.116469 0.991514 -0.057745 79.319313 0.886472 0.129997 0.444149 1.645762 0.000000 0.000000 0.000000 1.000000
0.454816 -0.001395 -0.890584 -0.717247 -0.116486 0.991315 -0.061042 79.993774 0.882934 0.131504 0.450703 0.923683 0.000000 0.000000 0.000000 1.000000
0.465114 -0.004486 -0.885239 -0.437455 -0.116692 0.990951 -0.066332 80.747719 0.877526 0.134152 0.460382 0.217596 0.000000 0.000000 0.000000 1.000000
0.475923 -0.007322 -0.879456 -0.158299 -0.116305 0.990659 -0.071187 81.421349 0.871763 0.136165 0.470626 -0.418882 0.000000 0.000000 0.000000 1.000000
0.487560 -0.008789 -0.873045 0.062976 -0.115906 0.990447 -0.074700 81.926804 0.865362 0.137612 0.481884 -0.925401 0.000000 0.000000 0.000000 1.000000
0.500661 -0.008889 -0.865598 0.180828 -0.116225 0.990203 -0.077393 82.188118 0.857805 0.139352 0.494723 -1.270594 0.000000 0.000000 0.000000 1.000000
0.515374 -0.007354 -0.856934 0.204279 -0.118341 0.989772 -0.079666 82.208572 0.848755 0.142468 0.509232 -1.486858 0.000000 0.000000 0.000000 1.000000</float_array>
        <technique_common>
          <accessor source="#mixamorig_Hips-Matrix-animation-output-transform-array" count="67" stride="16">
            <param type="float4x4"/>
          </accessor>
        </technique_common>
      </source>
      <source id="mixamorig_Hips-Interpolations">
        <Name_array id="mixamorig_Hips-Interpolations-array" count="67">
 LINEAR LINEAR LINEAR LINEAR LINEAR LINEAR LINEAR LINEAR LINEAR LINEAR LINEAR
LINEAR LINEAR LINEAR LINEAR LINEAR LINEAR LINEAR LINEAR LINEAR LINEAR LINEAR LINEAR
LINEAR LINEAR LINEAR LINEAR LINEAR LINEAR LINEAR LINEAR LINEAR LINEAR LINEAR LINEAR
LINEAR LINEAR LINEAR LINEAR LINEAR LINEAR LINEAR LINEAR LINEAR LINEAR LINEAR LINEAR
LINEAR LINEAR LINEAR LINEAR LINEAR LINEAR LINEAR LINEAR LINEAR LINEAR LINEAR LINEAR
LINEAR LINEAR LINEAR LINEAR LINEAR LINEAR LINEAR LINEAR</Name_array>
        <technique_common>
          <accessor source="#mixamorig_Hips-Interpolations-array" count="67">
            <param type="name"/>
          </accessor>
        </technique_common>
      </source>
      <sampler id="mixamorig_Hips-Matrix-animation-transform">
        <input semantic="INPUT" source="#mixamorig_Hips-Matrix-animation-input"/>
        <input semantic="OUTPUT" source="#mixamorig_Hips-Matrix-animation-output-transform"/>
        <input semantic="INTERPOLATION" source="#mixamorig_Hips-Interpolations"/>
      </sampler>
      <channel source="#mixamorig_Hips-Matrix-animation-transform" target="mixamorig_Hips/matrix"/>
    </animation>
    <animation id="mixamorig_Spine-anim" name="mixamorig_Spine">
      <source id="mixamorig_Spine-Matrix-animation-input">
        <float_array id="mixamorig_Spine-Matrix-animation-input-array" count="67">

0.000000 0.033333 0.066667 0.100000 0.133333 0.166667 0.200000 0.233333 0.266667 0.300000 0.333333 0.366667 0.400000 0.433333 0.466667 0.500000
0.533333 0.566667 0.600000 0.633333 0.666667 0.700000 0.733333 0.766667 0.800000 0.833333 0.866667 0.900000 0.933333 0.966667 1.000000 1.033333
1.066667 1.100000 1.133333 1.166667 1.200000 1.233333 1.266667 1.300000 1.333333 1.366667 1.400000 1.433333 1.466667 1.500000 1.533333 1.566667
1.600000 1.633333 1.666667 1.700000 1.733333 1.766667 1.800000 1.833333 1.866667 1.900000 1.933333 1.966667 2.000000 2.033333 2.066667 2.100000
2.133333 2.166667 2.200000</float_array>
        <technique_common>
          <accessor source="#mixamorig_Spine-Matrix-animation-input-array" count="67">
            <param name="TIME" type="float"/>
          </accessor>
        </technique_common>
      </source>
      <source id="mixamorig_Spine-Matrix-animation-output-transform">
        <float_array id="mixamorig_Spine-Matrix-animation-output-transform-array" count="1072">

0.994414 -0.010180 -0.105060 -0.000000 0.005272 0.998886 -0.046887 9.499800 0.105420 0.046072 0.993360 -0.870900 0.000000 0.000000 0.000000 1.000000
0.993610 -0.015425 -0.111812 -0.000000 0.010107 0.998798 -0.047970 9.499800 0.112417 0.046534 0.992571 -0.870900 0.000000 0.000000 0.000000 1.000000
0.992872 -0.020853 -0.117349 0.000000 0.015162 0.998675 -0.049183 9.499800 0.118219 0.047053 0.991872 -0.870900 0.000000 0.000000 0.000000 1.000000
0.992554 -0.024924 -0.119226 0.000000 0.018969 0.998528 -0.050823 9.499800 0.120317 0.048183 0.991566 -0.870900 0.000000 0.000000 0.000000 1.000000
0.992937 -0.026335 -0.115683 -0.000000 0.020334 0.998401 -0.052750 9.499800 0.116888 0.050025 0.991884 -0.870900 0.000000 0.000000 0.000000 1.000000
0.994108 -0.022502 -0.106033 0.000000 0.017369 0.998643 -0.049089 9.499800 0.106994 0.046958 0.993150 -0.870900 0.000000 0.000000 0.000000 1.000000
0.995538 -0.014582 -0.093228 0.000000 0.010685 0.999054 -0.042165 9.499800 0.093755 0.040981 0.994752 -0.870900 0.000000 0.000000 0.000000 1.000000
0.997181 -0.007846 -0.074626 0.000000 0.005612 0.999531 -0.030100 9.499800 0.074827 0.029596 0.996757 -0.870900 0.000000 0.000000 0.000000 1.000000
0.998721 -0.000756 -0.050550 0.000000 0.000039 0.999900 -0.014173 9.499800 0.050556 0.014153 0.998621 -0.870900 0.000000 0.000000 0.000000 1.000000
0.999754 0.001842 -0.022123 -0.000000 -0.001757 0.999991 0.003849 9.499800 0.022130 -0.003809 0.999748 -0.870900 0.000000 0.000000 0.000000 1.000000
0.999956 0.000492 0.009328 0.000000 -0.000673 0.999812 0.019369 9.499800 -0.009316 -0.019375 0.999769 -0.870900 0.000000 0.000000 0.000000 1.000000
0.998984 0.002853 0.044965 -0.000000 -0.004091 0.999614 0.027480 9.499800 -0.044869 -0.027636 0.998611 -0.870900 0.000000 0.000000 0.000000 1.000000
0.996451 0.008475 0.083751 0.000000 -0.011372 0.999351 0.034175 9.499800 -0.083407 -0.035006 0.995901 -0.870900 0.000000 0.000000 0.000000 1.000000
0.992062 0.015850 0.124750 0.000000 -0.020577 0.999115 0.036694 9.499800 -0.124058 -0.038969 0.991509 -0.870900 0.000000 0.000000 0.000000 1.000000
0.986745 0.020687 0.160955 0.000000 -0.027281 0.998872 0.038866 9.499800 -0.159970 -0.042742 0.986196 -0.870900 0.000000 0.000000 0.000000 1.000000
0.980776 0.027344 0.193210 0.000000 -0.035797 0.998542 0.040395 9.499800 -0.191823 -0.046535 0.980326 -0.870900 0.000000 0.000000 0.000000 1.000000
0.974410 0.032975 0.222348 0.000000 -0.042195 0.998430 0.036846 9.499800 -0.220784 -0.045285 0.974271 -0.870900 0.000000 0.000000 0.000000 1.000000
0.968528 0.035763 0.246320 0.000000 -0.044928 0.998488 0.031686 9.499800 -0.244815 -0.041755 0.968670 -0.870900 0.000000 0.000000 0.000000 1.000000
0.961895 0.041835 0.270200 -0.000000 -0.051361 0.998280 0.028278 9.499800 -0.268552 -0.041079 0.962389 -0.870900 0.000000 0.000000 0.000000 1.000000
0.954131 0.044021 0.296136 -0.000000 -0.053154 0.998325 0.022857 9.499800 -0.294634 -0.037549 0.954872 -0.870900 0.000000 0.000000 0.000000 1.000000
0.945766 0.042296 0.322085 0.000000 -0.049347 0.998687 0.013755 9.499800 -0.321080 -0.028903 0.946611 -0.870900 0.000000 0.000000 0.000000 1.000000
0.941732 0.041100 0.333845 0.000000 -0.046903 0.998856 0.009335 9.499800 -0.333079 -0.024449 0.942582 -0.870900 0.000000 0.000000 0.000000 1.000000
0.937739 0.039849 0.345046 0.000000 -0.044569 0.998990 0.005755 9.499800 -0.344468 -0.020775 0.938568 -0.870900 0.000000 0.000000 0.000000 1.000000
0.933740 0.038276 0.355898 0.000000 -0.042272 0.999100 0.003452 9.499800 -0.355446 -0.018268 0.934518 -0.870900 0.000000 0.000000 0.000000 1.000000
0.929753 0.035898 0.366430 0.000000 -0.039510 0.999216 0.002360 9.499800 -0.366058 -0.016672 0.930443 -0.870900 0.000000 0.000000 0.000000 1.000000
0.925873 0.032431 0.376440 0.000000 -0.035897 0.999353 0.002195 9.499800 -0.376125 -0.015545 0.926439 -0.870900 0.000000 0.000000 0.000000 1.000000
0.922204 0.028251 0.385670 -0.000000 -0.031780 0.999491 0.002778 9.499800 -0.385395 -0.014818 0.922633 -0.870900 0.000000 0.000000 0.000000 1.000000
0.919200 0.024621 0.393019 0.000000 -0.028369 0.999591 0.003731 9.499800 -0.392767 -0.014580 0.919523 -0.870900 0.000000 0.000000 0.000000 1.000000
0.913370 0.015633 0.406830 0.000000 -0.019973 0.999780 0.006423 9.499800 -0.406641 -0.013992 0.913481 -0.870900 0.000000 0.000000 0.000000 1.000000
0.911003 0.002978 0.412388 0.000000 -0.008480 0.999898 0.011512 9.499800 -0.412312 -0.013985 0.910936 -0.870900 0.000000 0.000000 0.000000 1.000000
0.915473 -0.002595 0.402370 0.000000 -0.007963 0.999667 0.024565 9.499800 -0.402300 -0.025693 0.915147 -0.870900 0.000000 0.000000 0.000000 1.000000
0.923936 -0.016737 0.382180 0.000000 -0.002632 0.998741 0.050102 9.499800 -0.382537 -0.047297 0.922729 -0.870900 0.000000 0.000000 0.000000 1.000000
0.934734 -0.043407 0.352686 0.000000 0.016946 0.996827 0.077774 9.499800 -0.354943 -0.066722 0.932504 -0.870900 0.000000 0.000000 0.000000 1.000000
0.946935 -0.061826 0.315422 0.000000 0.032145 0.994622 0.098455 9.499800 -0.319813 -0.083091 0.943830 -0.870900 0.000000 0.000000 0.000000 1.000000
0.960179 -0.068422 0.270878 0.000000 0.039162 0.992937 0.111992 9.499800 -0.276627 -0.096924 0.956077 -0.870900 0.000000 0.000000 0.000000 1.000000
0.975330 -0.060412 0.212324 -0.000000 0.038743 0.993741 0.104775 9.499800 -0.217325 -0.093965 0.971566 -0.870900 0.000000 0.000000 0.000000 1.000000
0.987803 -0.042856 0.149698 0.000000 0.030878 0.996200 0.081439 9.499800 -0.152619 -0.075824 0.985372 -0.870900 0.000000 0.000000 0.000000 1.000000
0.993268 -0.048151 0.105355 0.000000 0.041477 0.997046 0.064644 9.499800 -0.108156 -0.059839 0.992331 -0.870900 0.000000 0.000000 0.000000 1.000000
0.992723 -0.076014 0.093393 0.000000 0.071525 0.996159 0.050513 9.499800 -0.096874 -0.043465 0.994347 -0.870900 0.000000 0.000000 0.000000 1.000000
0.991555 -0.100428 0.082055 -0.000000 0.096837 0.994207 0.046644 9.499800 -0.086264 -0.038304 0.995536 -0.870900 0.000000 0.000000 0.000000 1.000000
0.995439 -0.090181 0.031111 0.000000 0.088447 0.994659 0.053208 9.499800 -0.035743 -0.050214 0.998099 -0.870900 0.000000 0.000000 0.000000 1.000000
0.996183 -0.084866 -0.020417 -0.000000 0.085750 0.995198 0.047198 9.499800 0.016313 -0.048769 0.998677 -0.870900 0.000000 0.000000 0.000000 1.000000
0.994773 -0.083238 -0.059138 0.000000 0.085148 0.995900 0.030546 9.499800 0.056353 -0.035422 0.997782 -0.870900 0.000000 0.000000 0.000000 1.000000
0.994267 -0.074561 -0.076643 0.000000 0.076005 0.996977 0.016105 9.499800 0.075210 -0.021837 0.996929 -0.870900 0.000000 0.000000 0.000000 1.000000
0.993577 -0.070973 -0.088139 0.000000 0.071974 0.997373 0.008219 9.499800 0.087324 -0.014510 0.996074 -0.870900 0.000000 0.000000 0.000000 1.000000
0.991865 -0.071935 -0.105024 -0.000000 0.072766 0.997341 0.004105 9.499800 0.104449 -0.011713 0.994461 -0.870900 0.000000 0.000000 0.000000 1.000000
0.990614 -0.067628 -0.118785 -0.000000 0.068296 0.997664 0.001561 9.499800 0.118402 -0.009659 0.992919 -0.870900 0.000000 0.000000 0.000000 1.000000
0.990409 -0.058169 -0.125323 -0.000000 0.058559 0.998284 -0.000573 9.499800 0.125141 -0.006771 0.992116 -0.870900 0.000000 0.000000 0.000000 1.000000
0.990843 -0.047093 -0.126540 -0.000000 0.046877 0.998890 -0.004682 9.499800 0.126620 -0.001293 0.991950 -0.870900 0.000000 0.000000 0.000000 1.000000
0.991184 -0.037937 -0.126944 -0.000000 0.036783 0.999258 -0.011429 9.499800 0.127283 0.006659 0.991844 -0.870900 0.000000 0.000000 0.000000 1.000000
0.991036 -0.032557 -0.129571 -0.000000 0.030081 0.999326 -0.021017 9.499800 0.130168 0.016931 0.991347 -0.870900 0.000000 0.000000 0.000000 1.000000
0.990881 -0.028811 -0.131620 0.000000 0.025341 0.999288 -0.027963 9.499800 0.132332 0.024373 0.990906 -0.870900 0.000000 0.000000 0.000000 1.000000
0.990536 -0.027565 -0.134457 0.000000 0.023335 0.999185 -0.032937 9.499800 0.135255 0.029488 0.990372 -0.870900 0.000000 0.000000 0.000000 1.000000
0.990122 -0.026513 -0.137676 -0.000000 0.021276 0.998998 -0.039370 9.499800 0.138582 0.036052 0.989695 -0.870900 0.000000 0.000000 0.000000 1.000000
0.990437 -0.020228 -0.136475 -0.000000 0.014385 0.998943 -0.043665 9.499800 0.137214 0.041284 0.989681 -0.870900 0.000000 0.000000 0.000000 1.000000
0.991606 -0.011674 -0.128771 0.000000 0.005777 0.998921 -0.046073 9.499800 0.129170 0.044943 0.990603 -0.870900 0.000000 0.000000 0.000000 1.000000
0.993068 -0.007220 -0.117315 0.000000 0.001229 0.998695 -0.051063 9.499800 0.117531 0.050565 0.991781 -0.870900 0.000000 0.000000 0.000000 1.000000
0.994319 -0.007355 -0.106191 0.000000 0.001361 0.998407 -0.056404 9.499800 0.106437 0.055939 0.992745 -0.870900 0.000000 0.000000 0.000000 1.000000
0.995385 -0.005287 -0.095815 -0.000000 -0.000265 0.998326 -0.057840 9.499800 0.095960 0.057599 0.993717 -0.870900 0.000000 0.000000 0.000000 1.000000
0.996148 -0.002000 -0.087660 0.000000 -0.003167 0.998267 -0.058761 9.499800 0.087626 0.058812 0.994416 -0.870900 0.000000 0.000000 0.000000 1.000000
0.996403 -0.000943 -0.084737 -0.000000 -0.003843 0.998406 -0.056303 9.499800 0.084656 0.056426 0.994811 -0.870900 0.000000 0.000000 0.000000 1.000000
0.996340 -0.001489 -0.085469 -0.000000 -0.003100 0.998561 -0.053540 9.499800 0.085426 0.053609 0.994901 -0.870900 0.000000 0.000000 0.000000 1.000000
0.996139 -0.002191 -0.087759 0.000000 -0.002274 0.998709 -0.050750 9.499800 0.087757 0.050754 0.994848 -0.870900 0.000000 0.000000 0.000000 1.000000
0.995874 -0.002888 -0.090696 0.000000 -0.001407 0.998882 -0.047257 9.499800 0.090731 0.047190 0.994757 -0.870900 0.000000 0.000000 0.000000 1.000000
0.995535 -0.003993 -0.094309 0.000000 -0.000355 0.998940 -0.046039 9.499800 0.094392 0.045867 0.994478 -0.870900 0.000000 0.000000 0.000000 1.000000
0.995064 -0.006226 -0.099043 0.000000 0.001665 0.998937 -0.046065 9.499800 0.099225 0.045672 0.994016 -0.870900 0.000000 0.000000 0.000000 1.000000
0.994414 -0.010179 -0.105059 0.000000 0.005272 0.998886 -0.046887 9.499800 0.105420 0.046072 0.993360 -0.870900 0.000000 0.000000 0.000000 1.000000</float_array>
        <technique_common>
          <accessor source="#mixamorig_Spine-Matrix-animation-output-transform-array" count="67" stride="16">
            <param type="float4x4"/>
          </accessor>
        </technique_common>
      </source>
      <source id="mixamorig_Spine-Interpolations">
        <Name_array id="mixamorig_Spine-Interpolations-array" count="67">
 LINEAR LINEAR LINEAR LINEAR LINEAR LINEAR LINEAR LINEAR LINEAR LINEAR LINEAR
LINEAR LINEAR LINEAR LINEAR LINEAR LINEAR LINEAR LINEAR LINEAR LINEAR LINEAR LINEAR
LINEAR LINEAR LINEAR LINEAR LINEAR LINEAR LINEAR LINEAR LINEAR LINEAR LINEAR LINEAR
LINEAR LINEAR LINEAR LINEAR LINEAR LINEAR LINEAR LINEAR LINEAR LINEAR LINEAR LINEAR
LINEAR LINEAR LINEAR LINEAR LINEAR LINEAR LINEAR LINEAR LINEAR LINEAR LINEAR LINEAR
LINEAR LINEAR LINEAR LINEAR LINEAR LINEAR LINEAR LINEAR</Name_array>
        <technique_common>
          <accessor source="#mixamorig_Spine-Interpolations-array" count="67">
            <param type="name"/>
          </accessor>
        </technique_common>
      </source>
      <sampler id="mixamorig_Spine-Matrix-animation-transform">
        <input semantic="INPUT" source="#mixamorig_Spine-Matrix-animation-input"/>
        <input semantic="OUTPUT" source="#mixamorig_Spine-Matrix-animation-output-transform"/>
        <input semantic="INTERPOLATION" source="#mixamorig_Spine-Interpolations"/>
      </sampler>
      <channel source="#mixamorig_Spine-Matrix-animation-transform" target="mixamorig_Spine/matrix"/>
    </animation>
    <animation id="mixamorig_Spine1-anim" name="mixamorig_Spine1">
      <source id="mixamorig_Spine1-Matrix-animation-input">
        <float_array id="mixamorig_Spine1-Matrix-animation-input-array" count="67">

0.000000 0.033333 0.066667 0.100000 0.133333 0.166667 0.200000 0.233333 0.266667 0.300000 0.333333 0.366667 0.400000 0.433333 0.466667 0.500000
0.533333 0.566667 0.600000 0.633333 0.666667 0.700000 0.733333 0.766667 0.800000 0.833333 0.866667 0.900000 0.933333 0.966667 1.000000 1.033333
1.066667 1.100000 1.133333 1.166667 1.200000 1.233333 1.266667 1.300000 1.333333 1.366667 1.400000 1.433333 1.466667 1.500000 1.533333 1.566667
1.600000 1.633333 1.666667 1.700000 1.733333 1.766667 1.800000 1.833333 1.866667 1.900000 1.933333 1.966667 2.000000 2.033333 2.066667 2.100000
2.133333 2.166667 2.200000</float_array>
        <technique_common>
          <accessor source="#mixamorig_Spine1-Matrix-animation-input-array" count="67">
            <param name="TIME" type="float"/>
          </accessor>
        </technique_common>
      </source>
      <source id="mixamorig_Spine1-Matrix-animation-output-transform">
        <float_array id="mixamorig_Spine1-Matrix-animation-output-transform-array" count="1072">

0.994840 0.049479 -0.088568 -0.000000 -0.061047 0.989223 -0.133079 11.129600 0.081029 0.137800 0.987140 0.000000 0.000000 0.000000 0.000000 1.000000
0.994499 0.043428 -0.095316 0.000000 -0.056105 0.989306 -0.134633 11.129600 0.088450 0.139240 0.986301 -0.000000 0.000000 0.000000 0.000000 1.000000
0.994194 0.037264 -0.100943 -0.000000 -0.050951 0.989315 -0.136603 11.129600 0.094774 0.140953 0.985469 -0.000000 0.000000 0.000000 0.000000 1.000000
0.994142 0.032107 -0.103208 0.000000 -0.046356 0.989237 -0.138783 11.129600 0.097641 0.142754 0.984930 -0.000000 0.000000 0.000000 0.000000 1.000000
0.994522 0.028646 -0.100525 0.000000 -0.042709 0.989136 -0.140664 11.129600 0.095403 0.144187 0.984941 0.000000 0.000000 0.000000 0.000000 1.000000
0.995293 0.030590 -0.091962 0.000000 -0.043301 0.989263 -0.139583 11.129600 0.086705 0.142908 0.985931 0.000000 0.000000 0.000000 0.000000 1.000000
0.996076 0.037145 -0.080331 0.000000 -0.047943 0.989414 -0.136974 11.129600 0.074393 0.140288 0.987312 0.000000 0.000000 0.000000 0.000000 1.000000
0.997068 0.042701 -0.063496 -0.000000 -0.050738 0.990097 -0.130893 11.129600 0.057278 0.133731 0.989361 0.000000 0.000000 0.000000 0.000000 1.000000
0.997939 0.048746 -0.041728 0.000000 -0.053525 0.991045 -0.122334 11.129600 0.035391 0.124315 0.991611 0.000000 0.000000 0.000000 0.000000 1.000000
0.998537 0.051683 -0.015889 0.000000 -0.053148 0.992215 -0.112627 11.129600 0.009945 0.113307 0.993510 0.000000 0.000000 0.000000 0.000000 1.000000
0.998503 0.053122 0.013059 0.000000 -0.051400 0.992779 -0.108391 11.129600 -0.018722 0.107558 0.994023 -0.000000 0.000000 0.000000 0.000000 1.000000
0.997450 0.055019 0.045456 0.000000 -0.049782 0.992768 -0.109244 11.129600 -0.051138 0.106702 0.992975 0.000000 0.000000 0.000000 0.000000 1.000000
0.995087 0.057896 0.080316 0.000000 -0.048870 0.992716 -0.110125 11.129600 -0.086107 0.105659 0.990667 -0.000000 0.000000 0.000000 0.000000 1.000000
0.991150 0.062365 0.117186 -0.000000 -0.049063 0.992366 -0.113152 11.129600 -0.123349 0.106401 0.986643 0.000000 0.000000 0.000000 0.000000 1.000000
0.986419 0.067183 0.149880 0.000000 -0.049650 0.991795 -0.117803 11.129600 -0.156564 0.108762 0.981661 -0.000000 0.000000 0.000000 0.000000 1.000000
0.981220 0.072669 0.178682 0.000000 -0.051225 0.991228 -0.121833 11.129600 -0.185968 0.110392 0.976335 0.000000 0.000000 0.000000 0.000000 1.000000
0.976131 0.072511 0.204720 0.000000 -0.046858 0.990732 -0.127490 11.129600 -0.212067 0.114854 0.970482 0.000000 0.000000 0.000000 0.000000 1.000000
0.971631 0.067986 0.226521 0.000000 -0.038407 0.990436 -0.132519 11.129600 -0.233364 0.120060 0.964949 0.000000 0.000000 0.000000 0.000000 1.000000
0.966245 0.068655 0.248307 0.000000 -0.035856 0.990294 -0.134282 11.129600 -0.255116 0.120846 0.959329 -0.000000 0.000000 0.000000 0.000000 1.000000
0.959976 0.065389 0.272341 0.000000 -0.028176 0.989979 -0.138376 11.129600 -0.278660 0.125164 0.952199 0.000000 0.000000 0.000000 0.000000 1.000000
0.952818 0.061953 0.297153 -0.000000 -0.019087 0.989241 -0.145043 11.129600 -0.302942 0.132528 0.943749 -0.000000 0.000000 0.000000 0.000000 1.000000
0.949216 0.061461 0.308564 -0.000000 -0.015826 0.988820 -0.148272 11.129600 -0.314227 0.135858 0.939576 0.000000 0.000000 0.000000 0.000000 1.000000
0.945603 0.061546 0.319449 0.000000 -0.013286 0.988428 -0.151105 11.129600 -0.325052 0.138641 0.935478 -0.000000 0.000000 0.000000 0.000000 1.000000
0.941965 0.061743 0.329985 0.000000 -0.011049 0.988111 -0.153343 11.129600 -0.335530 0.140797 0.931448 0.000000 0.000000 0.000000 0.000000 1.000000
0.938323 0.061354 0.340272 -0.000000 -0.008457 0.987908 -0.154809 11.129600 -0.345655 0.142383 0.927496 -0.000000 0.000000 0.000000 0.000000 1.000000
0.934748 0.059973 0.350213 -0.000000 -0.005206 0.987858 -0.155274 11.129600 -0.355273 0.143319 0.923710 0.000000 0.000000 0.000000 0.000000 1.000000
0.931320 0.058034 0.359548 0.000000 -0.001841 0.987960 -0.154695 11.129600 -0.364197 0.143409 0.920214 -0.000000 0.000000 0.000000 0.000000 1.000000
0.928492 0.056453 0.367036 -0.000000 0.000656 0.988126 -0.153642 11.129600 -0.371352 0.142897 0.917430 0.000000 0.000000 0.000000 0.000000 1.000000
0.923012 0.052842 0.381125 0.000000 0.006375 0.988289 -0.152462 11.129600 -0.384718 0.143154 0.911866 -0.000000 0.000000 0.000000 0.000000 1.000000
0.920242 0.049497 0.388206 0.000000 0.009424 0.988879 -0.148422 11.129600 -0.391235 0.140242 0.909542 -0.000000 0.000000 0.000000 0.000000 1.000000
0.924041 0.050128 0.378993 0.000000 0.003963 0.990057 -0.140613 11.129600 -0.382273 0.131434 0.914654 -0.000000 0.000000 0.000000 0.000000 1.000000
0.931709 0.045761 0.360311 0.000000 0.001288 0.991609 -0.129269 11.129600 -0.363203 0.120905 0.923832 0.000000 0.000000 0.000000 0.000000 1.000000
0.940766 0.040500 0.336630 0.000000 -0.004435 0.994225 -0.107222 11.129600 -0.339028 0.099378 0.935513 0.000000 0.000000 0.000000 0.000000 1.000000
0.951502 0.043943 0.304488 0.000000 -0.020957 0.996705 -0.078352 11.129600 -0.306927 0.068171 0.949288 -0.000000 0.000000 0.000000 0.000000 1.000000
0.964088 0.037997 0.262852 0.000000 -0.027952 0.998733 -0.041851 11.129600 -0.264109 0.033001 0.963928 0.000000 0.000000 0.000000 0.000000 1.000000
0.978065 0.021572 0.207182 0.000000 -0.016037 0.999469 -0.028358 11.129600 -0.207684 0.024414 0.977891 -0.000000 0.000000 0.000000 0.000000 1.000000
0.989175 0.007321 0.146557 0.000000 -0.001596 0.999232 -0.039144 11.129600 -0.146731 0.038486 0.988427 0.000000 0.000000 0.000000 0.000000 1.000000
0.994545 -0.011190 0.103711 0.000000 0.016144 0.998762 -0.047052 11.129600 -0.103056 0.048469 0.993494 0.000000 0.000000 0.000000 0.000000 1.000000
0.995299 -0.022626 0.094172 0.000000 0.028062 0.997991 -0.056798 11.129600 -0.092697 0.059174 0.993934 0.000000 0.000000 0.000000 0.000000 1.000000
0.996019 -0.017182 0.087471 -0.000000 0.023306 0.997311 -0.069483 11.129600 -0.086042 0.071245 0.993741 0.000000 0.000000 0.000000 0.000000 1.000000
0.999174 -0.012355 0.038713 0.000000 0.014999 0.997520 -0.068766 11.129600 -0.037768 0.069290 0.996881 0.000000 0.000000 0.000000 0.000000 1.000000
0.999809 -0.016130 -0.011055 0.000000 0.015353 0.997630 -0.067067 11.129600 0.012110 0.066884 0.997687 0.000000 0.000000 0.000000 0.000000 1.000000
0.998705 -0.016458 -0.048142 0.000000 0.012910 0.997241 -0.073101 11.129600 0.049212 0.072385 0.996162 -0.000000 0.000000 0.000000 0.000000 1.000000
0.997816 -0.012080 -0.064942 -0.000000 0.006649 0.996510 -0.083211 11.129600 0.065721 0.082598 0.994414 -0.000000 0.000000 0.000000 0.000000 1.000000
0.997132 -0.008740 -0.075173 -0.000000 0.001790 0.995755 -0.092027 11.129600 0.075658 0.091628 0.992915 0.000000 0.000000 0.000000 0.000000 1.000000
0.995829 -0.010135 -0.090671 -0.000000 0.001239 0.995221 -0.097643 11.129600 0.091227 0.097123 0.991083 -0.000000 0.000000 0.000000 0.000000 1.000000
0.994603 -0.006541 -0.103550 0.000000 -0.003938 0.994912 -0.100669 11.129600 0.103682 0.100533 0.989517 0.000000 0.000000 0.000000 0.000000 1.000000
0.993963 0.003988 -0.109642 0.000000 -0.015062 0.994837 -0.100359 11.129600 0.108675 0.101404 0.988892 0.000000 0.000000 0.000000 0.000000 1.000000
0.993722 0.016340 -0.110680 -0.000000 -0.027353 0.994739 -0.098725 11.129600 0.108485 0.101132 0.988940 0.000000 0.000000 0.000000 0.000000 1.000000
0.993504 0.027070 -0.110531 0.000000 -0.038326 0.994147 -0.101013 11.129600 0.107150 0.104593 0.988726 0.000000 0.000000 0.000000 0.000000 1.000000
0.993100 0.034155 -0.112182 -0.000000 -0.046423 0.992997 -0.108637 11.129600 0.107686 0.113095 0.987731 0.000000 0.000000 0.000000 0.000000 1.000000
0.992812 0.037405 -0.113691 -0.000000 -0.050669 0.991942 -0.116118 11.129600 0.108432 0.121044 0.986707 -0.000000 0.000000 0.000000 0.000000 1.000000
0.992507 0.037097 -0.116417 0.000000 -0.051275 0.991295 -0.121261 11.129600 0.110905 0.126322 0.985770 0.000000 0.000000 0.000000 0.000000 1.000000
0.992128 0.037857 -0.119368 0.000000 -0.053005 0.990562 -0.126403 11.129600 0.113457 0.131735 0.984771 0.000000 0.000000 0.000000 0.000000 1.000000
0.992100 0.042031 -0.118199 -0.000000 -0.057438 0.989832 -0.130131 11.129600 0.111528 0.135892 0.984426 0.000000 0.000000 0.000000 0.000000 1.000000
0.992665 0.047577 -0.111146 -0.000000 -0.062204 0.989285 -0.132080 11.129600 0.103672 0.138025 0.984988 0.000000 0.000000 0.000000 0.000000 1.000000
0.993707 0.050066 -0.100199 0.000000 -0.063505 0.988701 -0.135785 11.129600 0.092268 0.141294 0.985658 -0.000000 0.000000 0.000000 0.000000 1.000000
0.994703 0.051428 -0.089006 0.000000 -0.063568 0.988190 -0.139428 11.129600 0.080784 0.144348 0.986224 -0.000000 0.000000 0.000000 0.000000 1.000000
0.995430 0.053678 -0.078983 0.000000 -0.064436 0.987959 -0.140656 11.129600 0.070482 0.145103 0.986903 0.000000 0.000000 0.000000 0.000000 1.000000
0.995910 0.055351 -0.071406 -0.000000 -0.064990 0.987927 -0.140627 11.129600 0.062760 0.144693 0.987484 -0.000000 0.000000 0.000000 0.000000 1.000000
0.996042 0.056389 -0.068705 0.000000 -0.065464 0.988276 -0.137930 11.129600 0.060122 0.141881 0.988056 0.000000 0.000000 0.000000 0.000000 1.000000
0.995945 0.057385 -0.069284 0.000000 -0.066428 0.988454 -0.136187 11.129600 0.060669 0.140237 0.988257 -0.000000 0.000000 0.000000 0.000000 1.000000
0.995771 0.057745 -0.071453 -0.000000 -0.067024 0.988557 -0.135138 11.129600 0.062832 0.139355 0.988247 0.000000 0.000000 0.000000 0.000000 1.000000
0.995571 0.057478 -0.074389 0.000000 -0.067023 0.988856 -0.132933 11.129600 0.065919 0.137331 0.988329 -0.000000 0.000000 0.000000 0.000000 1.000000
0.995350 0.056705 -0.077869 0.000000 -0.066670 0.989004 -0.132004 11.129600 0.069527 0.136582 0.988186 0.000000 0.000000 0.000000 0.000000 1.000000
0.995117 0.054126 -0.082540 0.000000 -0.064758 0.989116 -0.132119 11.129600 0.074491 0.136819 0.987791 0.000000 0.000000 0.000000 0.000000 1.000000
0.994840 0.049479 -0.088569 0.000000 -0.061047 0.989223 -0.133079 11.129600 0.081030 0.137800 0.987140 0.000000 0.000000 0.000000 0.000000 1.000000</float_array>
        <technique_common>
          <accessor source="#mixamorig_Spine1-Matrix-animation-output-transform-array" count="67" stride="16">
            <param type="float4x4"/>
          </accessor>
        </technique_common>
      </source>
      <source id="mixamorig_Spine1-Interpolations">
        <Name_array id="mixamorig_Spine1-Interpolations-array" count="67">
 LINEAR LINEAR LINEAR LINEAR LINEAR LINEAR LINEAR LINEAR LINEAR LINEAR LINEAR
LINEAR LINEAR LINEAR LINEAR LINEAR LINEAR LINEAR LINEAR LINEAR LINEAR LINEAR LINEAR
LINEAR LINEAR LINEAR LINEAR LINEAR LINEAR LINEAR LINEAR LINEAR LINEAR LINEAR LINEAR
LINEAR LINEAR LINEAR LINEAR LINEAR LINEAR LINEAR LINEAR LINEAR LINEAR LINEAR LINEAR
LINEAR LINEAR LINEAR LINEAR LINEAR LINEAR LINEAR LINEAR LINEAR LINEAR LINEAR LINEAR
LINEAR LINEAR LINEAR LINEAR LINEAR LINEAR LINEAR LINEAR</Name_array>
        <technique_common>
          <accessor source="#mixamorig_Spine1-Interpolations-array" count="67">
            <param type="name"/>
          </accessor>
        </technique_common>
      </source>
      <sampler id="mixamorig_Spine1-Matrix-animation-transform">
        <input semantic="INPUT" source="#mixamorig_Spine1-Matrix-animation-input"/>
        <input semantic="OUTPUT" source="#mixamorig_Spine1-Matrix-animation-output-transform"/>
        <input semantic="INTERPOLATION" source="#mixamorig_Spine1-Interpolations"/>
      </sampler>
      <channel source="#mixamorig_Spine1-Matrix-animation-transform" target="mixamorig_Spine1/matrix"/>
    </animation>
    <animation id="mixamorig_Spine2-anim" name="mixamorig_Spine2">
      <source id="mixamorig_Spine2-Matrix-animation-input">
        <float_array id="mixamorig_Spine2-Matrix-animation-input-array" count="67">

0.000000 0.033333 0.066667 0.100000 0.133333 0.166667 0.200000 0.233333 0.266667 0.300000 0.333333 0.366667 0.400000 0.433333 0.466667 0.500000
0.533333 0.566667 0.600000 0.633333 0.666667 0.700000 0.733333 0.766667 0.800000 0.833333 0.866667 0.900000 0.933333 0.966667 1.000000 1.033333
1.066667 1.100000 1.133333 1.166667 1.200000 1.233333 1.266667 1.300000 1.333333 1.366667 1.400000 1.433333 1.466667 1.500000 1.533333 1.566667
1.600000 1.633333 1.666667 1.700000 1.733333 1.766667 1.800000 1.833333 1.866667 1.900000 1.933333 1.966667 2.000000 2.033333 2.066667 2.100000
2.133333 2.166667 2.200000</float_array>
        <technique_common>
          <accessor source="#mixamorig_Spine2-Matrix-animation-input-array" count="67">
            <param name="TIME" type="float"/>
          </accessor>
        </technique_common>
      </source>
      <source id="mixamorig_Spine2-Matrix-animation-output-transform">
        <float_array id="mixamorig_Spine2-Matrix-animation-output-transform-array" count="1072">

