<?xml version="1.0" encoding="utf-8"?>
<COLLADA xmlns="http://www.collada.org/2005/11/COLLADASchema" version="1.4.1">
  <asset>
    <contributor>
      <author>Mixamo</author>
      <authoring_tool>COLLADA Mixamo exporter</authoring_tool>
      <comments/>
    </contributor>
    <created>2023-03-01T09:35:23Z</created>
    <modified>2023-03-01T09:35:23Z</modified>
    <revision/>
    <title/>
    <unit meter="0.010000"/>
    <up_axis>Y_UP</up_axis>
  </asset>
  <library_animations>
    <animation id="mixamorig_Hips-anim" name="mixamorig_Hips">
      <source id="mixamorig_Hips-Matrix-animation-input">
        <float_array id="mixamorig_Hips-Matrix-animation-input-array" count="78">

0.000000 0.033333 0.066667 0.100000 0.133333 0.166667 0.200000 0.233333 0.266667 0.300000 0.333333 0.366667 0.400000 0.433333 0.466667 0.500000
0.533333 0.566667 0.600000 0.633333 0.666667 0.700000 0.733333 0.766667 0.800000 0.833333 0.866667 0.900000 0.933333 0.966667 1.000000 1.033333
1.066667 1.100000 1.133333 1.166667 1.200000 1.233333 1.266667 1.300000 1.333333 1.366667 1.400000 1.433333 1.466667 1.500000 1.533333 1.566667
1.600000 1.633333 1.666667 1.700000 1.733333 1.766667 1.800000 1.833333 1.866667 1.900000 1.933333 1.966667 2.000000 2.033333 2.066667 2.100000
2.133333 2.166667 2.200000 2.233333 2.266667 2.300000 2.333333 2.366667 2.400000 2.433333 2.466667 2.500000 2.533333 2.566667</float_array>
        <technique_common>
          <accessor source="#mixamorig_Hips-Matrix-animation-input-array" count="78">
            <param name="TIME" type="float"/>
          </accessor>
        </technique_common>
      </source>
      <source id="mixamorig_Hips-Matrix-animation-output-transform">
        <float_array id="mixamorig_Hips-Matrix-animation-output-transform-array" count="1248">

0.467919 -0.084469 -0.879725 1.350009 0.031727 0.996386 -0.078795 100.590263 0.883202 0.008958 0.468908 -0.653140 0.000000 0.000000 0.000000 1.000000
0.372573 -0.092553 -0.923376 0.919533 0.113254 0.992111 -0.053746 99.195168 0.921066 -0.084551 0.380116 -2.089043 0.000000 0.000000 0.000000 1.000000
-0.024649 -0.005173 -0.999683 -4.570142 0.129602 0.991531 -0.008326 98.659370 0.991260 -0.129766 -0.023769 -3.027892 0.000000 0.000000 0.000000 1.000000
-0.218952 0.048321 -0.974538 -9.438759 0.096411 0.994957 0.027672 99.433853 0.970961 -0.087898 -0.222507 -5.189254 0.000000 0.000000 0.000000 1.000000
-0.364521 0.056671 -0.929469 -13.590002 0.085031 0.996002 0.027380 100.483139 0.927305 -0.069053 -0.367883 -8.208326 0.000000 0.000000 0.000000 1.000000
-0.440939 0.037793 -0.896741 -16.486034 0.068067 0.997644 0.008576 101.582535 0.894952 -0.057257 -0.442473 -11.358998 0.000000 0.000000 0.000000 1.000000
-0.469028 0.018418 -0.882991 -18.448265 0.056833 0.998340 -0.009364 102.772491 0.881353 -0.054575 -0.469296 -14.373940 0.000000 0.000000 0.000000 1.000000
-0.472996 0.000478 -0.881064 -19.878920 0.055988 0.997995 -0.029516 103.947487 0.879284 -0.063290 -0.472075 -17.279844 0.000000 0.000000 0.000000 1.000000
-0.465028 0.002893 -0.885291 -20.881836 0.067715 0.997181 -0.032310 105.003838 0.882703 -0.074972 -0.463913 -20.232477 0.000000 0.000000 0.000000 1.000000
-0.468674 0.022488 -0.883085 -21.394146 0.096945 0.994947 -0.026114 105.641533 0.878035 -0.097850 -0.468486 -23.079679 0.000000 0.000000 0.000000 1.000000
-0.492708 0.048392 -0.868848 -21.409496 0.122675 0.992344 -0.014297 105.997765 0.861504 -0.113630 -0.494872 -25.804516 0.000000 0.000000 0.000000 1.000000
-0.542376 0.075936 -0.836697 -21.245974 0.134054 0.990969 0.003039 106.137970 0.829372 -0.110514 -0.547657 -28.175211 0.000000 0.000000 0.000000 1.000000
-0.604418 0.099936 -0.790374 -21.166121 0.137923 0.990246 0.019735 106.194939 0.784638 -0.097083 -0.612306 -30.103580 0.000000 0.000000 0.000000 1.000000
-0.667227 0.126277 -0.734072 -21.174635 0.144469 0.988749 0.038773 106.236328 0.730709 -0.080180 -0.677964 -32.068729 0.000000 0.000000 0.000000 1.000000
-0.734393 0.144498 -0.663165 -21.373705 0.151471 0.987325 0.047390 106.319351 0.661607 -0.065647 -0.746972 -34.010136 0.000000 0.000000 0.000000 1.000000
-0.800306 0.157022 -0.578665 -21.787119 0.156376 0.986360 0.051380 106.394646 0.578840 -0.049369 -0.813945 -35.757339 0.000000 0.000000 0.000000 1.000000
-0.854161 0.165560 -0.492948 -22.289892 0.157684 0.985793 0.057857 106.444145 0.495524 -0.028310 -0.868133 -37.360550 0.000000 0.000000 0.000000 1.000000
-0.895797 0.169690 -0.410796 -22.876114 0.157988 0.985458 0.062556 106.399223 0.415437 -0.008863 -0.909579 -38.958141 0.000000 0.000000 0.000000 1.000000
-0.925931 0.169065 -0.337742 -23.501684 0.156327 0.985579 0.064779 106.271667 0.343823 0.007183 -0.939007 -40.657372 0.000000 0.000000 0.000000 1.000000
-0.948629 0.162772 -0.271308 -24.238499 0.149901 0.986384 0.067654 106.129097 0.278626 0.023509 -0.960112 -42.435150 0.000000 0.000000 0.000000 1.000000
-0.968329 0.147817 -0.201221 -25.036102 0.137214 0.988358 0.065736 106.027519 0.208595 0.036044 -0.977338 -44.375973 0.000000 0.000000 0.000000 1.000000
-0.981455 0.133532 -0.137532 -25.772245 0.126428 0.990208 0.059194 105.883766 0.144089 0.040708 -0.988727 -46.470669 0.000000 0.000000 0.000000 1.000000
-0.988352 0.123752 -0.088578 -26.500025 0.119722 0.991575 0.049459 105.467133 0.093952 0.038278 -0.994841 -48.709564 0.000000 0.000000 0.000000 1.000000
-0.992009 0.112785 -0.056548 -27.197598 0.110920 0.993209 0.035117 105.120094 0.060125 0.028564 -0.997782 -51.160770 0.000000 0.000000 0.000000 1.000000
-0.993186 0.108391 -0.042809 -27.893095 0.107519 0.993956 0.022165 104.453827 0.044952 0.017411 -0.998837 -53.959244 0.000000 0.000000 0.000000 1.000000
-0.993485 0.105833 -0.042260 -28.639063 0.105579 0.994377 0.008212 103.158897 0.042892 0.003697 -0.999073 -56.995941 0.000000 0.000000 0.000000 1.000000
-0.993685 0.102756 -0.045068 -29.337530 0.103410 0.994561 -0.012432 101.314537 0.043545 -0.017014 -0.998907 -60.311504 0.000000 0.000000 0.000000 1.000000
-0.993721 0.102025 -0.045933 -29.983236 0.103905 0.993759 -0.040587 98.934334 0.041506 -0.045105 -0.998120 -63.815155 0.000000 0.000000 0.000000 1.000000
-0.993891 0.106722 -0.028131 -30.668673 0.108392 0.991870 -0.066672 95.939781 0.020787 -0.069314 -0.997378 -67.464478 0.000000 0.000000 0.000000 1.000000
-0.993877 0.109703 0.013153 -31.494858 0.108015 0.989766 -0.093251 92.232079 -0.023248 -0.091260 -0.995556 -71.234245 0.000000 0.000000 0.000000 1.000000
-0.991363 0.110385 0.070816 -32.427406 0.101838 0.988169 -0.114682 87.547714 -0.082638 -0.106479 -0.990875 -75.172615 0.000000 0.000000 0.000000 1.000000
-0.984751 0.107133 0.137068 -33.378014 0.088685 0.986968 -0.134272 82.383888 -0.149666 -0.120069 -0.981419 -79.351906 0.000000 0.000000 0.000000 1.000000
-0.973281 0.089879 0.211297 -34.471889 0.059688 0.987606 -0.145161 76.801308 -0.221725 -0.128671 -0.966583 -83.732231 0.000000 0.000000 0.000000 1.000000
-0.957260 0.054936 0.283962 -35.620403 0.010178 0.987586 -0.156751 70.886185 -0.289048 -0.147162 -0.945936 -88.164047 0.000000 0.000000 0.000000 1.000000
-0.932101 0.015700 0.361858 -36.887375 -0.055546 0.981046 -0.185644 64.889572 -0.357914 -0.193139 -0.913562 -92.317322 0.000000 0.000000 0.000000 1.000000
-0.899193 -0.019088 0.437135 -37.793003 -0.131710 0.964519 -0.228813 58.281624 -0.417258 -0.263323 -0.869803 -96.370445 0.000000 0.000000 0.000000 1.000000
-0.859928 -0.017334 0.510122 -38.344448 -0.187658 0.940162 -0.284394 51.895439 -0.474667 -0.340287 -0.811724 -100.835503 0.000000 0.000000 0.000000 1.000000
-0.837954 -0.006267 0.545705 -39.207657 -0.250711 0.892593 -0.374728 46.594780 -0.484744 -0.450819 -0.749523 -106.688545 0.000000 0.000000 0.000000 1.000000
-0.833469 -0.008639 0.552499 -40.268162 -0.324401 0.817080 -0.476596 42.121742 -0.447319 -0.576459 -0.683814 -113.168823 0.000000 0.000000 0.000000 1.000000
-0.851799 -0.006559 0.523827 -41.338093 -0.359770 0.734155 -0.575832 37.569923 -0.380793 -0.678951 -0.627712 -119.368492 0.000000 0.000000 0.000000 1.000000
-0.884639 0.006736 0.466227 -42.133789 -0.355072 0.638359 -0.682951 32.618568 -0.302220 -0.769710 -0.562325 -125.303879 0.000000 0.000000 0.000000 1.000000
-0.918195 0.034505 0.394623 -42.279469 -0.323495 0.509638 -0.797258 26.836897 -0.228624 -0.859697 -0.456785 -130.647812 0.000000 0.000000 0.000000 1.000000
-0.945332 0.074360 0.317517 -41.986515 -0.276497 0.333473 -0.901302 21.427723 -0.172905 -0.939823 -0.294682 -135.116196 0.000000 0.000000 0.000000 1.000000
-0.970717 0.114627 0.211114 -41.914852 -0.192464 0.154803 -0.969017 18.797882 -0.143757 -0.981273 -0.128208 -138.745346 0.000000 0.000000 0.000000 1.000000
-0.979036 0.152573 0.134942 -41.577412 -0.128951 0.048550 -0.990462 17.084591 -0.157669 -0.987099 -0.027858 -141.544632 0.000000 0.000000 0.000000 1.000000
-0.968492 0.210273 0.133449 -40.576366 -0.144633 -0.038670 -0.988729 16.025064 -0.202743 -0.976878 0.067864 -143.486969 0.000000 0.000000 0.000000 1.000000
-0.953066 0.258163 0.158165 -39.393387 -0.196826 -0.131373 -0.971597 16.092587 -0.230052 -0.957127 0.176020 -144.981049 0.000000 0.000000 0.000000 1.000000
-0.950763 0.271391 0.149657 -38.666378 -0.202685 -0.179187 -0.962710 16.689114 -0.234455 -0.945642 0.225371 -146.565018 0.000000 0.000000 0.000000 1.000000
-0.952332 0.275043 0.131967 -38.155994 -0.191412 -0.201900 -0.960520 17.224239 -0.237540 -0.939993 0.244922 -148.149307 0.000000 0.000000 0.000000 1.000000
-0.953483 0.278299 0.115845 -37.748558 -0.179822 -0.216672 -0.959540 17.589525 -0.241939 -0.935736 0.256638 -149.682205 0.000000 0.000000 0.000000 1.000000
-0.952292 0.285273 0.108443 -37.427605 -0.177476 -0.228573 -0.957213 17.610443 -0.248280 -0.930792 0.268298 -151.050232 0.000000 0.000000 0.000000 1.000000
-0.949653 0.293486 0.109660 -37.161018 -0.182990 -0.235468 -0.954500 17.323097 -0.254311 -0.926510 0.277318 -152.066788 0.000000 0.000000 0.000000 1.000000
-0.946778 0.301857 0.111770 -36.950977 -0.188721 -0.239260 -0.952438 16.814379 -0.260758 -0.922842 0.283493 -152.658234 0.000000 0.000000 0.000000 1.000000
-0.944653 0.309425 0.109028 -36.763313 -0.189233 -0.242435 -0.951533 16.258587 -0.267996 -0.919500 0.287571 -152.917099 0.000000 0.000000 0.000000 1.000000
-0.943557 0.313770 0.106061 -36.610077 -0.187394 -0.241699 -0.952085 15.776320 -0.273101 -0.918221 0.286855 -152.797882 0.000000 0.000000 0.000000 1.000000
-0.943638 0.313346 0.106594 -36.478863 -0.182265 -0.223134 -0.957596 15.347900 -0.276274 -0.923052 0.267670 -152.165833 0.000000 0.000000 0.000000 1.000000
-0.944753 0.308857 0.109770 -36.319778 -0.172505 -0.183733 -0.967721 14.948570 -0.278720 -0.933193 0.226861 -150.988449 0.000000 0.000000 0.000000 1.000000
-0.945133 0.307811 0.109432 -36.219471 -0.160529 -0.145847 -0.976196 15.027996 -0.284524 -0.940203 0.187258 -150.260864 0.000000 0.000000 0.000000 1.000000
-0.944978 0.309603 0.105650 -36.148285 -0.146781 -0.112660 -0.982732 15.437220 -0.292355 -0.944168 0.151905 -149.839203 0.000000 0.000000 0.000000 1.000000
-0.944493 0.312781 0.100507 -36.116440 -0.132226 -0.081854 -0.987834 15.995155 -0.300749 -0.946292 0.118668 -149.516602 0.000000 0.000000 0.000000 1.000000
-0.943864 0.316180 0.095664 -36.157799 -0.118060 -0.052407 -0.991623 16.584431 -0.308518 -0.947251 0.086793 -149.210938 0.000000 0.000000 0.000000 1.000000
-0.942702 0.320482 0.092760 -36.228481 -0.105636 -0.022985 -0.994139 17.076092 -0.316472 -0.946976 0.055522 -148.880524 0.000000 0.000000 0.000000 1.000000
-0.941630 0.323461 0.093307 -36.365135 -0.096097 0.007373 -0.995345 17.444229 -0.322643 -0.946213 0.024141 -148.487839 0.000000 0.000000 0.000000 1.000000
-0.941341 0.321556 0.102362 -36.715321 -0.094478 0.040072 -0.994720 17.611610 -0.323960 -0.946042 -0.007341 -147.903198 0.000000 0.000000 0.000000 1.000000
-0.943912 0.308505 0.117704 -37.151142 -0.099539 0.074032 -0.992276 17.622442 -0.314836 -0.948337 -0.039172 -147.288315 0.000000 0.000000 0.000000 1.000000
-0.947088 0.294604 0.127406 -37.365097 -0.106319 0.086586 -0.990555 17.501392 -0.302853 -0.951689 -0.050683 -147.021805 0.000000 0.000000 0.000000 1.000000
-0.949350 0.286096 0.129937 -37.439560 -0.111454 0.080039 -0.990541 17.300011 -0.293790 -0.954852 -0.044098 -146.974808 0.000000 0.000000 0.000000 1.000000
-0.950556 0.284036 0.125567 -37.476784 -0.113183 0.059670 -0.991781 17.062365 -0.289194 -0.956955 -0.024572 -147.007156 0.000000 0.000000 0.000000 1.000000
-0.951151 0.286009 0.116234 -37.405647 -0.111141 0.034036 -0.993222 16.916235 -0.288026 -0.957622 -0.000586 -147.159119 0.000000 0.000000 0.000000 1.000000
-0.951517 0.288711 0.106122 -37.261181 -0.107742 0.010324 -0.994125 16.844700 -0.288110 -0.957361 0.021283 -147.380753 0.000000 0.000000 0.000000 1.000000
-0.951688 0.291327 0.097053 -37.002602 -0.102768 -0.004341 -0.994696 16.930029 -0.289360 -0.956614 0.034070 -147.704254 0.000000 0.000000 0.000000 1.000000
-0.951373 0.295222 0.087942 -36.779503 -0.096065 -0.013094 -0.995289 17.034075 -0.292679 -0.955339 0.040818 -147.968155 0.000000 0.000000 0.000000 1.000000
-0.950993 0.298767 0.079686 -36.633850 -0.088135 -0.014889 -0.995997 17.116590 -0.296385 -0.954210 0.040491 -148.098022 0.000000 0.000000 0.000000 1.000000
-0.950848 0.300885 0.073192 -36.561653 -0.080144 -0.010808 -0.996725 17.167910 -0.299108 -0.953599 0.034391 -148.113464 0.000000 0.000000 0.000000 1.000000
-0.950919 0.301665 0.068925 -36.524605 -0.073662 -0.004342 -0.997274 17.200716 -0.300543 -0.953404 0.026350 -148.085068 0.000000 0.000000 0.000000 1.000000
-0.951486 0.299498 0.070540 -36.556187 -0.072064 0.005969 -0.997382 17.196379 -0.299135 -0.954078 0.015904 -148.002319 0.000000 0.000000 0.000000 1.000000
-0.952179 0.296150 0.075170 -36.627014 -0.073297 0.017439 -0.997158 17.174210 -0.296619 -0.954982 0.005102 -147.906006 0.000000 0.000000 0.000000 1.000000
-0.952821 0.292579 0.080801 -36.716064 -0.075702 0.028730 -0.996717 17.144913 -0.293940 -0.955810 -0.005226 -147.812637 0.000000 0.000000 0.000000 1.000000</float_array>
        <technique_common>
          <accessor source="#mixamorig_Hips-Matrix-animation-output-transform-array" count="78" stride="16">
            <param type="float4x4"/>
          </accessor>
        </technique_common>
      </source>
      <source id="mixamorig_Hips-Interpolations">
        <Name_array id="mixamorig_Hips-Interpolations-array" count="78">
 LINEAR LINEAR LINEAR LINEAR LINEAR LINEAR LINEAR LINEAR LINEAR LINEAR LINEAR
LINEAR LINEAR LINEAR LINEAR LINEAR LINEAR LINEAR LINEAR LINEAR LINEAR LINEAR LINEAR
LINEAR LINEAR LINEAR LINEAR LINEAR LINEAR LINEAR LINEAR LINEAR LINEAR LINEAR LINEAR
LINEAR LINEAR LINEAR LINEAR LINEAR LINEAR LINEAR LINEAR LINEAR LINEAR LINEAR LINEAR
LINEAR LINEAR LINEAR LINEAR LINEAR LINEAR LINEAR LINEAR LINEAR LINEAR LINEAR LINEAR
LINEAR LINEAR LINEAR LINEAR LINEAR LINEAR LINEAR LINEAR LINEAR LINEAR LINEAR LINEAR
LINEAR LINEAR LINEAR LINEAR LINEAR LINEAR LINEAR</Name_array>
        <technique_common>
          <accessor source="#mixamorig_Hips-Interpolations-array" count="78">
            <param type="name"/>
          </accessor>
        </technique_common>
      </source>
      <sampler id="mixamorig_Hips-Matrix-animation-transform">
        <input semantic="INPUT" source="#mixamorig_Hips-Matrix-animation-input"/>
        <input semantic="OUTPUT" source="#mixamorig_Hips-Matrix-animation-output-transform"/>
        <input semantic="INTERPOLATION" source="#mixamorig_Hips-Interpolations"/>
      </sampler>
      <channel source="#mixamorig_Hips-Matrix-animation-transform" target="mixamorig_Hips/matrix"/>
    </animation>
    <animation id="mixamorig_Spine-anim" name="mixamorig_Spine">
      <source id="mixamorig_Spine-Matrix-animation-input">
        <float_array id="mixamorig_Spine-Matrix-animation-input-array" count="78">

0.000000 0.033333 0.066667 0.100000 0.133333 0.166667 0.200000 0.233333 0.266667 0.300000 0.333333 0.366667 0.400000 0.433333 0.466667 0.500000
0.533333 0.566667 0.600000 0.633333 0.666667 0.700000 0.733333 0.766667 0.800000 0.833333 0.866667 0.900000 0.933333 0.966667 1.000000 1.033333
1.066667 1.100000 1.133333 1.166667 1.200000 1.233333 1.266667 1.300000 1.333333 1.366667 1.400000 1.433333 1.466667 1.500000 1.533333 1.566667
1.600000 1.633333 1.666667 1.700000 1.733333 1.766667 1.800000 1.833333 1.866667 1.900000 1.933333 1.966667 2.000000 2.033333 2.066667 2.100000
2.133333 2.166667 2.200000 2.233333 2.266667 2.300000 2.333333 2.366667 2.400000 2.433333 2.466667 2.500000 2.533333 2.566667</float_array>
        <technique_common>
          <accessor source="#mixamorig_Spine-Matrix-animation-input-array" count="78">
            <param name="TIME" type="float"/>
          </accessor>
        </technique_common>
      </source>
      <source id="mixamorig_Spine-Matrix-animation-output-transform">
        <float_array id="mixamorig_Spine-Matrix-animation-output-transform-array" count="1248">

0.997071 0.076476 0.000760 0.000000 -0.075221 0.982408 -0.170929 9.499800 -0.013819 0.170371 0.985283 -0.870900 0.000000 0.000000 0.000000 1.000000
0.996959 0.071667 0.030620 0.000000 -0.063975 0.976959 -0.203615 9.499800 -0.044507 0.201037 0.978572 -0.870900 0.000000 0.000000 0.000000 1.000000
0.999062 0.032042 0.029142 0.000000 -0.027876 0.990648 -0.133567 9.499800 -0.033149 0.132630 0.990611 -0.870900 0.000000 0.000000 0.000000 1.000000
0.999993 0.002306 0.002773 0.000000 -0.002119 0.997845 -0.065583 9.499800 -0.002918 0.065577 0.997843 -0.870900 0.000000 0.000000 0.000000 1.000000
0.999592 0.019820 -0.020577 0.000000 -0.020323 0.999492 -0.024530 9.499800 0.020081 0.024939 0.999487 -0.870900 0.000000 0.000000 0.000000 1.000000
0.998651 0.032542 -0.040474 0.000000 -0.034014 0.998764 -0.036244 9.499800 0.039245 0.037572 0.998523 -0.870900 0.000000 0.000000 0.000000 1.000000
0.998174 0.027008 -0.054033 0.000000 -0.030687 0.997182 -0.068452 9.499800 0.052032 0.069985 0.996190 -0.870900 0.000000 0.000000 0.000000 1.000000
0.998466 -0.003409 -0.055258 0.000000 -0.001189 0.996552 -0.082963 9.499800 0.055350 0.082901 0.995019 -0.870900 0.000000 0.000000 0.000000 1.000000
0.998232 -0.026558 -0.053167 -0.000000 0.021524 0.995424 -0.093104 9.499800 0.055397 0.091795 0.994236 -0.870900 0.000000 0.000000 0.000000 1.000000
0.997964 -0.014966 -0.061995 0.000000 0.008703 0.994941 -0.100081 9.499800 0.063179 0.099338 0.993046 -0.870900 0.000000 0.000000 0.000000 1.000000
0.997163 0.013477 -0.074060 0.000000 -0.021050 0.994516 -0.102442 9.499800 0.072273 0.103710 0.991978 -0.870900 0.000000 0.000000 0.000000 1.000000
0.996138 0.034358 -0.080796 0.000000 -0.042841 0.993472 -0.105722 9.499800 0.076636 0.108775 0.991108 -0.870900 0.000000 0.000000 0.000000 1.000000
0.995557 0.046612 -0.081812 0.000000 -0.055423 0.992500 -0.108960 9.499800 0.076120 0.113010 0.990674 -0.870900 0.000000 0.000000 0.000000 1.000000
0.994432 0.063611 -0.084016 0.000000 -0.072688 0.991290 -0.109817 9.499800 0.076299 0.115312 0.990395 -0.870900 0.000000 0.000000 0.000000 1.000000
0.993122 0.078242 -0.087098 0.000000 -0.086420 0.991771 -0.094461 9.499800 0.078991 0.101338 0.991711 -0.870900 0.000000 0.000000 0.000000 1.000000
0.992880 0.081163 -0.087186 0.000000 -0.087731 0.993366 -0.074344 9.499800 0.080573 0.081464 0.993414 -0.870900 0.000000 0.000000 0.000000 1.000000
0.993196 0.077237 -0.087153 0.000000 -0.082813 0.994617 -0.062280 9.499800 0.081874 0.069073 0.994246 -0.870900 0.000000 0.000000 0.000000 1.000000
0.993471 0.073363 -0.087369 0.000000 -0.078237 0.995486 -0.053727 9.499800 0.083033 0.060212 0.994726 -0.870900 0.000000 0.000000 0.000000 1.000000
0.993565 0.070723 -0.088471 0.000000 -0.074825 0.996228 -0.043938 9.499800 0.085029 0.050275 0.995109 -0.870900 0.000000 0.000000 0.000000 1.000000
0.993979 0.064192 -0.088800 0.000000 -0.067707 0.997013 -0.037159 9.499800 0.086150 0.042948 0.995356 -0.870900 0.000000 0.000000 0.000000 1.000000
0.994704 0.056111 -0.086119 0.000000 -0.058991 0.997769 -0.031262 9.499800 0.084172 0.036177 0.995794 -0.870900 0.000000 0.000000 0.000000 1.000000
0.994827 0.056423 -0.084477 0.000000 -0.058663 0.997983 -0.024266 9.499800 0.082937 0.029096 0.996130 -0.870900 0.000000 0.000000 0.000000 1.000000
0.994641 0.059861 -0.084291 -0.000000 -0.061587 0.997939 -0.018033 9.499800 0.083038 0.023128 0.996278 -0.870900 0.000000 0.000000 0.000000 1.000000
0.994642 0.059772 -0.084344 0.000000 -0.060771 0.998108 -0.009328 9.499800 0.083627 0.014404 0.996393 -0.870900 0.000000 0.000000 0.000000 1.000000
0.994183 0.064869 -0.085983 0.000000 -0.065419 0.997851 -0.003581 9.499800 0.085566 0.009185 0.996290 -0.870900 0.000000 0.000000 0.000000 1.000000
0.994019 0.067703 -0.085687 0.000000 -0.067857 0.997694 0.001113 9.499800 0.085565 0.004708 0.996321 -0.870900 0.000000 0.000000 0.000000 1.000000
0.994139 0.070220 -0.082203 0.000000 -0.069641 0.997523 0.009894 9.499800 0.082695 -0.004111 0.996566 -0.870900 0.000000 0.000000 0.000000 1.000000
0.994595 0.071314 -0.075464 0.000000 -0.069834 0.997314 0.022070 9.499800 0.076836 -0.016681 0.996904 -0.870900 0.000000 0.000000 0.000000 1.000000
0.995355 0.070609 -0.065439 0.000000 -0.068616 0.997122 0.032235 9.499800 0.067527 -0.027595 0.997336 -0.870900 0.000000 0.000000 0.000000 1.000000
0.996677 0.061230 -0.053714 0.000000 -0.058965 0.997343 0.042789 9.499800 0.056191 -0.039480 0.997639 -0.870900 0.000000 0.000000 0.000000 1.000000
0.998366 0.040908 -0.039889 0.000000 -0.039076 0.998193 0.045656 9.499800 0.041684 -0.044022 0.998161 -0.870900 0.000000 0.000000 0.000000 1.000000
0.999620 0.008195 -0.026317 0.000000 -0.006846 0.998677 0.050972 9.499800 0.026700 -0.050772 0.998353 -0.870900 0.000000 0.000000 0.000000 1.000000
0.999470 -0.029494 -0.013775 0.000000 0.030114 0.998431 0.047212 9.499800 0.012361 -0.047602 0.998790 -0.870900 0.000000 0.000000 0.000000 1.000000
0.997316 -0.073137 -0.003527 -0.000000 0.073217 0.996663 0.036073 9.499800 0.000877 -0.036235 0.999343 -0.870900 0.000000 0.000000 0.000000 1.000000
0.993205 -0.115989 0.009520 0.000000 0.115717 0.992957 0.025399 9.499800 -0.012399 -0.024125 0.999632 -0.870900 0.000000 0.000000 0.000000 1.000000
0.989411 -0.143489 0.021841 0.000000 0.143301 0.989629 0.009955 9.499800 -0.023043 -0.006720 0.999712 -0.870900 0.000000 0.000000 0.000000 1.000000
0.989246 -0.143964 0.025819 0.000000 0.143941 0.989582 0.002782 9.499800 -0.025951 0.000964 0.999663 -0.870900 0.000000 0.000000 0.000000 1.000000
0.987228 -0.158389 0.017118 0.000000 0.157666 0.986779 0.037542 9.499800 -0.022838 -0.034363 0.999148 -0.870900 0.000000 0.000000 0.000000 1.000000
0.979248 -0.202280 0.012489 0.000000 0.201164 0.977634 0.061363 9.499800 -0.024622 -0.057577 0.998037 -0.870900 0.000000 0.000000 0.000000 1.000000
0.972914 -0.230307 0.019907 0.000000 0.229229 0.972303 0.045619 9.499800 -0.029862 -0.039820 0.998761 -0.870900 0.000000 0.000000 0.000000 1.000000
0.971022 -0.237910 0.022709 0.000000 0.237096 0.970906 0.033583 9.499800 -0.030038 -0.027226 0.999178 -0.870900 0.000000 0.000000 0.000000 1.000000
0.969547 -0.243243 0.028475 0.000000 0.242175 0.969550 0.036376 9.499800 -0.036456 -0.028372 0.998932 -0.870900 0.000000 0.000000 0.000000 1.000000
0.974478 -0.221741 0.034977 0.000000 0.219444 0.973798 0.059682 9.499800 -0.047294 -0.050484 0.997604 -0.870900 0.000000 0.000000 0.000000 1.000000
0.974958 -0.220267 0.030659 -0.000000 0.217659 0.973390 0.071674 9.499800 -0.045630 -0.063206 0.996957 -0.870900 0.000000 0.000000 0.000000 1.000000
0.977096 -0.212075 0.017560 0.000000 0.211533 0.976955 0.028500 9.499800 -0.023199 -0.024133 0.999440 -0.870900 0.000000 0.000000 0.000000 1.000000
0.988210 -0.153000 0.005720 0.000000 0.153044 0.988185 -0.008262 9.499800 -0.004388 0.009040 0.999950 -0.870900 0.000000 0.000000 0.000000 1.000000
0.996900 -0.078649 0.001941 0.000000 0.078583 0.996637 0.023210 9.499800 -0.003760 -0.022985 0.999729 -0.870900 0.000000 0.000000 0.000000 1.000000
0.998787 -0.049170 0.002757 0.000000 0.048903 0.996851 0.062420 9.499800 -0.005817 -0.062209 0.998046 -0.870900 0.000000 0.000000 0.000000 1.000000
0.999243 -0.038657 0.004271 0.000000 0.038141 0.995496 0.086796 9.499800 -0.007607 -0.086567 0.996217 -0.870900 0.000000 0.000000 0.000000 1.000000
0.999407 -0.033792 0.006609 0.000000 0.032925 0.994056 0.103768 9.499800 -0.010076 -0.103489 0.994580 -0.870900 0.000000 0.000000 0.000000 1.000000
0.999470 -0.030751 0.010683 0.000000 0.029302 0.992781 0.116305 9.499800 -0.014183 -0.115930 0.993156 -0.870900 0.000000 0.000000 0.000000 1.000000
0.999383 -0.031133 0.016258 0.000000 0.028728 0.990894 0.131547 9.499800 -0.020205 -0.130999 0.991177 -0.870900 0.000000 0.000000 0.000000 1.000000
0.999167 -0.034394 0.021972 0.000000 0.030700 0.988109 0.150658 9.499800 -0.026892 -0.149858 0.988342 -0.870900 0.000000 0.000000 0.000000 1.000000
0.998899 -0.038384 0.026964 0.000000 0.033205 0.984621 0.171519 9.499800 -0.033133 -0.170435 0.984812 -0.870900 0.000000 0.000000 0.000000 1.000000
0.998574 -0.043219 0.031329 0.000000 0.036590 0.981530 0.187779 9.499800 -0.038866 -0.186365 0.981712 -0.870900 0.000000 0.000000 0.000000 1.000000
0.998273 -0.046918 0.035340 0.000000 0.039580 0.981850 0.185481 9.499800 -0.043401 -0.183762 0.982012 -0.870900 0.000000 0.000000 0.000000 1.000000
0.998103 -0.047593 0.039062 0.000000 0.040630 0.985804 0.162908 9.499800 -0.046261 -0.161012 0.985868 -0.870900 0.000000 0.000000 0.000000 1.000000
0.998096 -0.047112 0.039818 0.000000 0.041784 0.991224 0.125418 9.499800 -0.045377 -0.123515 0.991305 -0.870900 0.000000 0.000000 0.000000 1.000000
0.998197 -0.046176 0.038346 0.000000 0.042973 0.995827 0.080508 9.499800 -0.041903 -0.078715 0.996016 -0.870900 0.000000 0.000000 0.000000 1.000000
0.998341 -0.045223 0.035639 0.000000 0.044093 0.998519 0.031873 9.499800 -0.037027 -0.030249 0.998856 -0.870900 0.000000 0.000000 0.000000 1.000000
0.998467 -0.044911 0.032338 0.000000 0.045512 0.998800 -0.018092 9.499800 -0.031486 0.019536 0.999313 -0.870900 0.000000 0.000000 0.000000 1.000000
0.998618 -0.043815 0.029030 0.000000 0.045681 0.996703 -0.067057 9.499800 -0.025996 0.068290 0.997327 -0.870900 0.000000 0.000000 0.000000 1.000000
0.998710 -0.043489 0.026226 -0.000000 0.046177 0.992575 -0.112529 9.499800 -0.021137 0.113594 0.993302 -0.870900 0.000000 0.000000 0.000000 1.000000
0.998579 -0.047244 0.024658 0.000000 0.050456 0.987075 -0.152109 9.499800 -0.017153 0.153137 0.988056 -0.870900 0.000000 0.000000 0.000000 1.000000
0.997637 -0.063732 0.025668 0.000000 0.067514 0.978638 -0.194189 9.499800 -0.012744 0.195463 0.980628 -0.870900 0.000000 0.000000 0.000000 1.000000
0.996649 -0.077775 0.025341 0.000000 0.081370 0.974333 -0.209893 9.499800 -0.008366 0.211251 0.977396 -0.870900 0.000000 0.000000 0.000000 1.000000
0.996070 -0.085691 0.022408 0.000000 0.088437 0.976190 -0.198072 9.499800 -0.004902 0.199275 0.979931 -0.870900 0.000000 0.000000 0.000000 1.000000
0.995894 -0.088916 0.016983 0.000000 0.090503 0.981911 -0.166313 9.499800 -0.001888 0.167167 0.985927 -0.870900 0.000000 0.000000 0.000000 1.000000
0.995915 -0.089494 0.012013 0.000000 0.090296 0.987376 -0.130139 9.499800 -0.000215 0.130692 0.991423 -0.870900 0.000000 0.000000 0.000000 1.000000
0.995956 -0.089447 0.008397 0.000000 0.089839 0.991135 -0.097880 9.499800 0.000433 0.098239 0.995163 -0.870900 0.000000 0.000000 0.000000 1.000000
0.995945 -0.089534 0.008747 0.000000 0.089948 0.992690 -0.080473 9.499800 -0.001478 0.080933 0.996718 -0.870900 0.000000 0.000000 0.000000 1.000000
0.996070 -0.087892 0.010893 0.000000 0.088446 0.993534 -0.071191 9.499800 -0.004565 0.071875 0.997403 -0.870900 0.000000 0.000000 0.000000 1.000000
0.996322 -0.084524 0.014075 -0.000000 0.085301 0.993940 -0.069336 9.499800 -0.008129 0.070281 0.997494 -0.870900 0.000000 0.000000 0.000000 1.000000
0.996570 -0.080836 0.017696 0.000000 0.081893 0.994133 -0.070657 9.499800 -0.011880 0.071864 0.997344 -0.870900 0.000000 0.000000 0.000000 1.000000
0.996750 -0.077630 0.021527 0.000000 0.079026 0.994110 -0.074156 9.499800 -0.015643 0.075616 0.997014 -0.870900 0.000000 0.000000 0.000000 1.000000
0.996785 -0.075936 0.025550 0.000000 0.077784 0.993639 -0.081435 9.499800 -0.019204 0.083160 0.996351 -0.870900 0.000000 0.000000 0.000000 1.000000
0.996719 -0.075376 0.029474 0.000000 0.077754 0.992881 -0.090227 9.499800 -0.022463 0.092223 0.995485 -0.870900 0.000000 0.000000 0.000000 1.000000
0.996619 -0.075326 0.032814 0.000000 0.078240 0.991992 -0.099151 9.499800 -0.025083 0.101383 0.994531 -0.870900 0.000000 0.000000 0.000000 1.000000</float_array>
        <technique_common>
          <accessor source="#mixamorig_Spine-Matrix-animation-output-transform-array" count="78" stride="16">
            <param type="float4x4"/>
          </accessor>
        </technique_common>
      </source>
      <source id="mixamorig_Spine-Interpolations">
        <Name_array id="mixamorig_Spine-Interpolations-array" count="78">
 LINEAR LINEAR LINEAR LINEAR LINEAR LINEAR LINEAR LINEAR LINEAR LINEAR LINEAR
LINEAR LINEAR LINEAR LINEAR LINEAR LINEAR LINEAR LINEAR LINEAR LINEAR LINEAR LINEAR
LINEAR LINEAR LINEAR LINEAR LINEAR LINEAR LINEAR LINEAR LINEAR LINEAR LINEAR LINEAR
LINEAR LINEAR LINEAR LINEAR LINEAR LINEAR LINEAR LINEAR LINEAR LINEAR LINEAR LINEAR
LINEAR LINEAR LINEAR LINEAR LINEAR LINEAR LINEAR LINEAR LINEAR LINEAR LINEAR LINEAR
LINEAR LINEAR LINEAR LINEAR LINEAR LINEAR LINEAR LINEAR LINEAR LINEAR LINEAR LINEAR
LINEAR LINEAR LINEAR LINEAR LINEAR LINEAR LINEAR</Name_array>
        <technique_common>
          <accessor source="#mixamorig_Spine-Interpolations-array" count="78">
            <param type="name"/>
          </accessor>
        </technique_common>
      </source>
      <sampler id="mixamorig_Spine-Matrix-animation-transform">
        <input semantic="INPUT" source="#mixamorig_Spine-Matrix-animation-input"/>
        <input semantic="OUTPUT" source="#mixamorig_Spine-Matrix-animation-output-transform"/>
        <input semantic="INTERPOLATION" source="#mixamorig_Spine-Interpolations"/>
      </sampler>
      <channel source="#mixamorig_Spine-Matrix-animation-transform" target="mixamorig_Spine/matrix"/>
    </animation>
    <animation id="mixamorig_Spine1-anim" name="mixamorig_Spine1">
      <source id="mixamorig_Spine1-Matrix-animation-input">
        <float_array id="mixamorig_Spine1-Matrix-animation-input-array" count="78">

0.000000 0.033333 0.066667 0.100000 0.133333 0.166667 0.200000 0.233333 0.266667 0.300000 0.333333 0.366667 0.400000 0.433333 0.466667 0.500000
0.533333 0.566667 0.600000 0.633333 0.666667 0.700000 0.733333 0.766667 0.800000 0.833333 0.866667 0.900000 0.933333 0.966667 1.000000 1.033333
1.066667 1.100000 1.133333 1.166667 1.200000 1.233333 1.266667 1.300000 1.333333 1.366667 1.400000 1.433333 1.466667 1.500000 1.533333 1.566667
1.600000 1.633333 1.666667 1.700000 1.733333 1.766667 1.800000 1.833333 1.866667 1.900000 1.933333 1.966667 2.000000 2.033333 2.066667 2.100000
2.133333 2.166667 2.200000 2.233333 2.266667 2.300000 2.333333 2.366667 2.400000 2.433333 2.466667 2.500000 2.533333 2.566667</float_array>
        <technique_common>
          <accessor source="#mixamorig_Spine1-Matrix-animation-input-array" count="78">
            <param name="TIME" type="float"/>
          </accessor>
        </technique_common>
      </source>
      <source id="mixamorig_Spine1-Matrix-animation-output-transform">
        <float_array id="mixamorig_Spine1-Matrix-animation-output-transform-array" count="1248">

0.998759 0.047714 0.014258 0.000000 -0.046009 0.993678 -0.102402 11.129600 -0.019054 0.101619 0.994641 0.000000 0.000000 0.000000 0.000000 1.000000
0.993072 0.087907 0.077973 0.000000 -0.076511 0.987373 -0.138709 11.129600 -0.089182 0.131782 0.987259 0.000000 0.000000 0.000000 0.000000 1.000000
0.995401 0.076017 0.058295 0.000000 -0.070441 0.993230 -0.092369 11.129600 -0.064922 0.087838 0.994017 0.000000 0.000000 0.000000 0.000000 1.000000
0.998731 0.050353 0.000320 0.000000 -0.050186 0.995916 -0.075055 11.129600 -0.004098 0.074944 0.997179 0.000000 0.000000 0.000000 0.000000 1.000000
0.998881 0.022265 -0.041720 0.000000 -0.024294 0.998514 -0.048778 11.129600 0.040572 0.049737 0.997938 0.000000 0.000000 0.000000 0.000000 1.000000
0.996703 -0.014194 -0.079887 0.000000 0.013161 0.999823 -0.013444 11.129600 0.080063 0.012349 0.996713 0.000000 0.000000 0.000000 0.000000 1.000000
0.992351 -0.048101 -0.113696 0.000000 0.050810 0.998486 0.021050 11.129600 0.112511 -0.026665 0.993293 0.000000 0.000000 0.000000 0.000000 1.000000
0.990495 -0.049575 -0.128306 0.000000 0.055844 0.997392 0.045727 11.129600 0.125705 -0.052458 0.990680 0.000000 0.000000 0.000000 0.000000 1.000000
0.990092 -0.042909 -0.133700 -0.000000 0.052102 0.996456 0.066036 11.129600 0.130393 -0.072347 0.988819 0.000000 0.000000 0.000000 0.000000 1.000000
0.989439 -0.028919 -0.142037 -0.000000 0.039902 0.996378 0.075094 11.129600 0.139350 -0.079968 0.987009 0.000000 0.000000 0.000000 0.000000 1.000000
0.988571 -0.020110 -0.149411 0.000000 0.030379 0.997306 0.066767 11.129600 0.147666 -0.070543 0.986518 0.000000 0.000000 0.000000 0.000000 1.000000
0.988291 -0.015317 -0.151808 0.000000 0.023563 0.998334 0.052665 11.129600 0.150749 -0.055625 0.987006 0.000000 0.000000 0.000000 0.000000 1.000000
0.988943 -0.011050 -0.147885 -0.000000 0.018225 0.998717 0.047256 11.129600 0.147173 -0.049429 0.987875 0.000000 0.000000 0.000000 0.000000 1.000000
0.989601 -0.004821 -0.143760 0.000000 0.012171 0.998661 0.050286 11.129600 0.143325 -0.051513 0.988334 0.000000 0.000000 0.000000 0.000000 1.000000
0.989705 0.000314 -0.143122 0.000000 0.007869 0.998366 0.056605 11.129600 0.142906 -0.057148 0.988085 -0.000000 0.000000 0.000000 0.000000 1.000000
0.989884 0.005906 -0.141754 0.000000 0.002879 0.998091 0.061687 11.129600 0.141847 -0.061471 0.987978 0.000000 0.000000 0.000000 0.000000 1.000000
0.989836 0.010266 -0.141839 -0.000000 -0.000910 0.997828 0.065870 11.129600 0.142207 -0.065071 0.987696 0.000000 0.000000 0.000000 0.000000 1.000000
0.989723 0.012328 -0.142467 0.000000 -0.002559 0.997644 0.068550 11.129600 0.142976 -0.067481 0.987423 0.000000 0.000000 0.000000 0.000000 1.000000
0.989333 0.013170 -0.145076 0.000000 -0.003235 0.997645 0.068507 11.129600 0.145636 -0.067307 0.987046 0.000000 0.000000 0.000000 0.000000 1.000000
0.988998 0.012907 -0.147363 -0.000000 -0.003188 0.997814 0.066002 11.129600 0.147893 -0.064806 0.986878 0.000000 0.000000 0.000000 0.000000 1.000000
0.989404 0.009211 -0.144895 0.000000 -0.000018 0.997993 0.063322 11.129600 0.145188 -0.062649 0.987419 0.000000 0.000000 0.000000 0.000000 1.000000
0.989865 0.006360 -0.141872 0.000000 0.002377 0.998115 0.061328 11.129600 0.141994 -0.061043 0.987983 0.000000 0.000000 0.000000 0.000000 1.000000
0.990145 0.007093 -0.139867 0.000000 0.001765 0.998005 0.063107 11.129600 0.140036 -0.062732 0.988157 -0.000000 0.000000 0.000000 0.000000 1.000000
0.990219 0.007709 -0.139310 0.000000 0.001473 0.997839 0.065687 11.129600 0.139516 -0.065250 0.988068 0.000000 0.000000 0.000000 0.000000 1.000000
0.990105 0.011157 -0.139881 0.000000 -0.001523 0.997630 0.068797 11.129600 0.140317 -0.067903 0.987775 0.000000 0.000000 0.000000 0.000000 1.000000
0.990348 0.013528 -0.137939 0.000000 -0.003744 0.997473 0.070944 11.129600 0.138550 -0.069742 0.987897 0.000000 0.000000 0.000000 0.000000 1.000000
0.991235 0.012829 -0.131483 0.000000 -0.003481 0.997464 0.071084 11.129600 0.132061 -0.070004 0.988767 0.000000 0.000000 0.000000 0.000000 1.000000
0.992755 0.013052 -0.119447 0.000000 -0.004524 0.997438 0.071390 11.129600 0.120073 -0.070333 0.990271 0.000000 0.000000 0.000000 0.000000 1.000000
0.994728 0.013348 -0.101678 -0.000000 -0.006435 0.997664 0.068010 11.129600 0.102349 -0.066997 0.992490 0.000000 0.000000 0.000000 0.000000 1.000000
0.996454 0.009081 -0.083653 -0.000000 -0.004273 0.998337 0.057486 11.129600 0.084035 -0.056925 0.994835 -0.000000 0.000000 0.000000 0.000000 1.000000
0.998012 0.002680 -0.062962 -0.000000 0.000134 0.999003 0.044648 11.129600 0.063019 -0.044568 0.997017 -0.000000 0.000000 0.000000 0.000000 1.000000
0.999057 -0.000680 -0.043405 0.000000 0.001967 0.999560 0.029607 11.129600 0.043366 -0.029665 0.998619 0.000000 0.000000 0.000000 0.000000 1.000000
0.999671 -0.004999 -0.025156 0.000000 0.005390 0.999865 0.015508 11.129600 0.025076 -0.015638 0.999563 -0.000000 0.000000 0.000000 0.000000 1.000000
0.999869 -0.011040 -0.011816 0.000000 0.011066 0.999936 0.002185 11.129600 0.011791 -0.002315 0.999928 0.000000 0.000000 0.000000 0.000000 1.000000
0.999742 -0.021880 0.006150 0.000000 0.021931 0.999725 -0.008355 11.129600 -0.005966 0.008488 0.999946 0.000000 0.000000 0.000000 0.000000 1.000000
0.999053 -0.038476 0.020336 0.000000 0.038592 0.999241 -0.005358 11.129600 -0.020114 0.006138 0.999779 0.000000 0.000000 0.000000 0.000000 1.000000
0.998566 -0.047787 0.024117 0.000000 0.047691 0.998852 0.004531 11.129600 -0.024306 -0.003375 0.999699 -0.000000 0.000000 0.000000 0.000000 1.000000
0.998710 -0.049151 0.012731 0.000000 0.048883 0.998593 0.020576 11.129600 -0.013724 -0.019927 0.999707 0.000000 0.000000 0.000000 0.000000 1.000000
0.996184 -0.087162 -0.004522 0.000000 0.087276 0.995264 0.042797 11.129600 0.000771 -0.043028 0.999074 -0.000000 0.000000 0.000000 0.000000 1.000000
0.994002 -0.109205 -0.005890 0.000000 0.109359 0.993012 0.044350 11.129600 0.001006 -0.044728 0.998999 0.000000 0.000000 0.000000 0.000000 1.000000
0.994465 -0.104835 -0.007050 0.000000 0.105039 0.993589 0.041800 11.129600 0.002623 -0.042309 0.999101 0.000000 0.000000 0.000000 0.000000 1.000000
0.995955 -0.089827 0.002064 0.000000 0.089604 0.994654 0.051327 11.129600 -0.006663 -0.050934 0.998680 0.000000 0.000000 0.000000 0.000000 1.000000
0.994851 -0.100076 0.016013 0.000000 0.098676 0.992492 0.072268 11.129600 -0.023125 -0.070316 0.997257 0.000000 0.000000 0.000000 0.000000 1.000000
0.994987 -0.099993 0.001433 0.000000 0.099382 0.990295 0.097155 11.129600 -0.011134 -0.096526 0.995268 0.000000 0.000000 0.000000 0.000000 1.000000
0.996625 -0.075363 -0.032546 0.000000 0.078607 0.990395 0.113744 11.129600 0.023662 -0.115919 0.992977 -0.000000 0.000000 0.000000 0.000000 1.000000
0.997528 -0.054621 -0.044200 0.000000 0.059907 0.989865 0.128755 11.129600 0.036719 -0.131085 0.990691 0.000000 0.000000 0.000000 0.000000 1.000000
0.998186 -0.054690 -0.025183 -0.000000 0.057594 0.989227 0.134581 11.129600 0.017552 -0.135787 0.990583 0.000000 0.000000 0.000000 0.000000 1.000000
0.998614 -0.051530 -0.010696 0.000000 0.052455 0.991020 0.122999 11.129600 0.004262 -0.123390 0.992349 0.000000 0.000000 0.000000 0.000000 1.000000
0.999078 -0.042919 -0.001176 0.000000 0.042807 0.993623 0.104312 11.129600 -0.003308 -0.104266 0.994544 0.000000 0.000000 0.000000 0.000000 1.000000
0.999417 -0.033287 0.007616 0.000000 0.032550 0.996092 0.082103 11.129600 -0.010319 -0.081808 0.996595 0.000000 0.000000 0.000000 0.000000 1.000000
0.999528 -0.024968 0.017885 0.000000 0.023916 0.998100 0.056787 11.129600 -0.019269 -0.056332 0.998226 0.000000 0.000000 0.000000 0.000000 1.000000
0.999410 -0.017729 0.029433 0.000000 0.016810 0.999372 0.031187 11.129600 -0.029967 -0.030674 0.999080 -0.000000 0.000000 0.000000 0.000000 1.000000
0.999121 -0.010289 0.040633 0.000000 0.010047 0.999931 0.006140 11.129600 -0.040693 -0.005726 0.999155 0.000000 0.000000 0.000000 0.000000 1.000000
0.998731 -0.001649 0.050334 0.000000 0.002507 0.999853 -0.016979 11.129600 -0.050298 0.017083 0.998588 0.000000 0.000000 0.000000 0.000000 1.000000
0.998240 0.007930 0.058764 0.000000 -0.005958 0.999416 -0.033660 11.129600 -0.058997 0.033250 0.997704 0.000000 0.000000 0.000000 0.000000 1.000000
0.997742 0.015315 0.065394 -0.000000 -0.012520 0.998999 -0.042946 11.129600 -0.065986 0.042030 0.996935 0.000000 0.000000 0.000000 0.000000 1.000000
0.997296 0.019322 0.070901 0.000000 -0.015804 0.998632 -0.049845 11.129600 -0.071767 0.048590 0.996237 -0.000000 0.000000 0.000000 0.000000 1.000000
0.997140 0.023384 0.071874 0.000000 -0.019609 0.998413 -0.052796 11.129600 -0.072994 0.051236 0.996015 0.000000 0.000000 0.000000 0.000000 1.000000
