<?xml version="1.0" encoding="utf-8"?>
<COLLADA xmlns="http://www.collada.org/2005/11/COLLADASchema" version="1.4.1">
  <asset>
    <contributor>
      <author>Mixamo</author>
      <authoring_tool>COLLADA Mixamo exporter</authoring_tool>
      <comments/>
    </contributor>
    <created>2023-03-13T06:10:04Z</created>
    <modified>2023-03-13T06:10:04Z</modified>
    <revision/>
    <title/>
    <unit meter="0.010000"/>
    <up_axis>Y_UP</up_axis>
  </asset>
  <library_animations>
    <animation id="mixamorig_Hips-anim" name="mixamorig_Hips">
      <source id="mixamorig_Hips-Matrix-animation-input">
        <float_array id="mixamorig_Hips-Matrix-animation-input-array" count="78">

0.000000 0.033333 0.066667 0.100000 0.133333 0.166667 0.200000 0.233333 0.266667 0.300000 0.333333 0.366667 0.400000 0.433333 0.466667 0.500000
0.533333 0.566667 0.600000 0.633333 0.666667 0.700000 0.733333 0.766667 0.800000 0.833333 0.866667 0.900000 0.933333 0.966667 1.000000 1.033333
1.066667 1.100000 1.133333 1.166667 1.200000 1.233333 1.266667 1.300000 1.333333 1.366667 1.400000 1.433333 1.466667 1.500000 1.533333 1.566667
1.600000 1.633333 1.666667 1.700000 1.733333 1.766667 1.800000 1.833333 1.866667 1.900000 1.933333 1.966667 2.000000 2.033333 2.066667 2.100000
2.133333 2.166667 2.200000 2.233333 2.266667 2.300000 2.333333 2.366667 2.400000 2.433333 2.466667 2.500000 2.533333 2.566667</float_array>
        <technique_common>
          <accessor source="#mixamorig_Hips-Matrix-animation-input-array" count="78">
            <param name="TIME" type="float"/>
          </accessor>
        </technique_common>
      </source>
      <source id="mixamorig_Hips-Matrix-animation-output-transform">
        <float_array id="mixamorig_Hips-Matrix-animation-output-transform-array" count="1248">

0.997757 0.021234 -0.063481 -0.351357 -0.025324 0.997608 -0.064323 90.468369 0.061964 0.065786 0.995908 -0.555359 0.000000 0.000000 0.000000 1.000000
0.997511 -0.008140 -0.070036 0.024891 0.003032 0.997347 -0.072726 93.047546 0.070442 0.072333 0.994890 5.510263 0.000000 0.000000 0.000000 1.000000
0.996848 -0.034690 -0.071343 0.454815 0.028765 0.996179 -0.082457 95.337463 0.073931 0.080145 0.994038 11.646684 0.000000 0.000000 0.000000 1.000000
0.996539 -0.053869 -0.063309 0.938264 0.045993 0.991723 -0.119875 96.717407 0.069243 0.116548 0.990768 17.636492 0.000000 0.000000 0.000000 1.000000
0.997049 -0.056909 -0.051531 1.334081 0.048195 0.986441 -0.156881 97.350784 0.059760 0.153935 0.986272 23.766975 0.000000 0.000000 0.000000 1.000000
0.997901 -0.050307 -0.040788 1.746198 0.043200 0.986253 -0.159495 97.096992 0.048251 0.157398 0.986356 30.091402 0.000000 0.000000 0.000000 1.000000
0.998398 -0.049757 -0.026954 2.191758 0.045968 0.990900 -0.126507 95.826096 0.033003 0.125065 0.991599 36.561253 0.000000 0.000000 0.000000 1.000000
0.997912 -0.063687 -0.010755 2.608729 0.062672 0.995041 -0.077235 93.731651 0.015621 0.076400 0.996955 43.063313 0.000000 0.000000 0.000000 1.000000
0.996298 -0.085840 -0.004690 3.071939 0.085675 0.995925 -0.028157 90.944260 0.007088 0.027651 0.999593 49.412464 0.000000 0.000000 0.000000 1.000000
0.993436 -0.112625 -0.020023 3.514571 0.112704 0.993624 0.002865 88.479721 0.019573 -0.005103 0.999795 55.234852 0.000000 0.000000 0.000000 1.000000
0.990880 -0.125036 -0.050229 3.693232 0.125551 0.992061 0.007216 86.970230 0.048928 -0.013457 0.998712 60.473789 0.000000 0.000000 0.000000 1.000000
0.990442 -0.116369 -0.074044 3.561877 0.116307 0.993200 -0.005171 86.707001 0.074142 -0.003490 0.997242 65.462952 0.000000 0.000000 0.000000 1.000000
0.991946 -0.091311 -0.087785 3.267467 0.090343 0.995799 -0.014950 88.055283 0.088781 0.006899 0.996027 70.566864 0.000000 0.000000 0.000000 1.000000
0.993328 -0.055314 -0.101192 2.915225 0.054067 0.998424 -0.015030 90.651245 0.101864 0.009458 0.994753 76.234634 0.000000 0.000000 0.000000 1.000000
0.993168 -0.012648 -0.116006 2.461438 0.010684 0.999789 -0.017537 93.260696 0.116204 0.016178 0.993094 82.397018 0.000000 0.000000 0.000000 1.000000
0.990506 0.029736 -0.134213 1.988843 -0.034851 0.998747 -0.035925 95.441612 0.132976 0.040262 0.990301 88.818390 0.000000 0.000000 0.000000 1.000000
0.986580 0.051426 -0.154968 1.682286 -0.062573 0.995726 -0.067927 96.603416 0.150812 0.076712 0.985582 95.329262 0.000000 0.000000 0.000000 1.000000
0.984346 0.045258 -0.170334 1.566550 -0.061278 0.994055 -0.089999 96.894325 0.165249 0.099028 0.981268 101.923286 0.000000 0.000000 0.000000 1.000000
0.984336 0.024103 -0.174650 1.395174 -0.038350 0.996163 -0.078668 96.233032 0.172084 0.084133 0.981483 108.600487 0.000000 0.000000 0.000000 1.000000
0.986116 0.017733 -0.165109 0.944848 -0.024439 0.998953 -0.038670 94.770142 0.164250 0.042168 0.985517 115.359245 0.000000 0.000000 0.000000 1.000000
0.988869 0.030509 -0.145625 0.234596 -0.029750 0.999530 0.007381 92.562904 0.145782 -0.002967 0.989312 122.169853 0.000000 0.000000 0.000000 1.000000
0.990626 0.052883 -0.125947 -0.559528 -0.048505 0.998116 0.037579 90.109718 0.127697 -0.031117 0.991325 128.713882 0.000000 0.000000 0.000000 1.000000
0.992619 0.069034 -0.099710 -1.114369 -0.064877 0.996907 0.044349 88.083694 0.102463 -0.037552 0.994028 134.644760 0.000000 0.000000 0.000000 1.000000
0.994707 0.072707 -0.072613 -1.189232 -0.070127 0.996834 0.037468 86.819084 0.075107 -0.032178 0.996656 140.124023 0.000000 0.000000 0.000000 1.000000
0.995514 0.069048 -0.064684 -0.970669 -0.068069 0.997532 0.017216 86.849007 0.065713 -0.012735 0.997757 145.529312 0.000000 0.000000 0.000000 1.000000
0.995947 0.055646 -0.070665 -0.505682 -0.056854 0.998267 -0.015188 88.300278 0.069697 0.019144 0.997384 151.186478 0.000000 0.000000 0.000000 1.000000
0.996833 0.028221 -0.074353 0.214360 -0.031692 0.998443 -0.045915 90.798210 0.072942 0.048126 0.996174 157.344528 0.000000 0.000000 0.000000 1.000000
0.997177 -0.006533 -0.074809 1.114562 0.001043 0.997317 -0.073201 93.336418 0.075086 0.072917 0.994508 163.792694 0.000000 0.000000 0.000000 1.000000
0.996826 -0.034628 -0.071680 2.029215 0.026749 0.993780 -0.108099 95.365036 0.074978 0.105838 0.991553 170.314087 0.000000 0.000000 0.000000 1.000000
0.996894 -0.046364 -0.063658 2.750165 0.036494 0.988272 -0.148276 96.467545 0.069786 0.145492 0.986895 176.848877 0.000000 0.000000 0.000000 1.000000
0.997435 -0.043293 -0.057010 3.227297 0.032723 0.984065 -0.174774 96.625069 0.063668 0.172460 0.982957 183.462158 0.000000 0.000000 0.000000 1.000000
0.998247 -0.033098 -0.049075 3.613162 0.024202 0.984817 -0.171902 95.687363 0.054020 0.170413 0.983891 190.123627 0.000000 0.000000 0.000000 1.000000
0.999119 -0.028604 -0.030714 4.037531 0.024041 0.989881 -0.139845 93.815811 0.034403 0.138984 0.989697 196.806335 0.000000 0.000000 0.000000 1.000000
0.998973 -0.040295 -0.020718 4.607372 0.038243 0.995083 -0.091367 91.081131 0.024298 0.090481 0.995602 203.717575 0.000000 0.000000 0.000000 1.000000
0.997079 -0.068840 -0.033087 5.352108 0.067050 0.996370 -0.052450 88.358177 0.036577 0.050079 0.998075 210.435776 0.000000 0.000000 0.000000 1.000000
0.994291 -0.091544 -0.054826 5.967731 0.089533 0.995256 -0.038080 86.566200 0.058052 0.032954 0.997770 216.388870 0.000000 0.000000 0.000000 1.000000
0.992675 -0.095303 -0.074249 6.110026 0.092546 0.994916 -0.039724 85.595100 0.077657 0.032561 0.996448 221.768311 0.000000 0.000000 0.000000 1.000000
0.992348 -0.085920 -0.088676 5.994109 0.082078 0.995559 -0.046105 85.992966 0.092243 0.038474 0.994993 227.218292 0.000000 0.000000 0.000000 1.000000
0.992582 -0.063757 -0.103518 5.849287 0.058651 0.996942 -0.051644 88.191071 0.106495 0.045189 0.993286 233.153229 0.000000 0.000000 0.000000 1.000000
0.991207 -0.028698 -0.129167 5.506077 0.021294 0.998070 -0.058338 91.162628 0.130592 0.055075 0.989905 239.641724 0.000000 0.000000 0.000000 1.000000
0.987176 0.010856 -0.159263 4.859782 -0.023357 0.996771 -0.076830 93.824081 0.157915 0.079565 0.984242 246.328918 0.000000 0.000000 0.000000 1.000000
0.982653 0.040105 -0.181068 4.231930 -0.060456 0.992277 -0.108313 95.512070 0.175326 0.117381 0.977488 252.974991 0.000000 0.000000 0.000000 1.000000
0.980993 0.045351 -0.188670 3.851369 -0.072065 0.987913 -0.137240 96.180695 0.180165 0.148228 0.972404 259.619965 0.000000 0.000000 0.000000 1.000000
0.983622 0.031888 -0.177401 3.547285 -0.057794 0.988056 -0.142844 95.958092 0.170727 0.150757 0.973717 266.264221 0.000000 0.000000 0.000000 1.000000
0.987403 0.021435 -0.156767 3.122871 -0.039059 0.993139 -0.110223 94.844261 0.153329 0.114957 0.981466 273.050354 0.000000 0.000000 0.000000 1.000000
0.988959 0.035274 -0.143929 2.443036 -0.043054 0.997755 -0.051299 92.908363 0.141796 0.056929 0.988257 280.097412 0.000000 0.000000 0.000000 1.000000
0.988477 0.068976 -0.134742 1.505936 -0.070408 0.997501 -0.005887 90.500519 0.133999 0.015306 0.990863 286.936279 0.000000 0.000000 0.000000 1.000000
0.988979 0.092495 -0.115605 0.696904 -0.093007 0.995665 0.000969 88.302803 0.115193 0.009794 0.993295 293.017151 0.000000 0.000000 0.000000 1.000000
0.990752 0.098686 -0.093121 0.377851 -0.100540 0.994813 -0.015425 86.875175 0.091116 0.024645 0.995535 298.609619 0.000000 0.000000 0.000000 1.000000
0.991142 0.097508 -0.090163 0.407645 -0.101316 0.994103 -0.038655 86.756012 0.085863 0.047447 0.995177 304.040802 0.000000 0.000000 0.000000 1.000000
0.989895 0.085633 -0.113029 0.595685 -0.093612 0.993333 -0.067272 88.154114 0.106514 0.077173 0.991312 309.634827 0.000000 0.000000 0.000000 1.000000
0.988183 0.059339 -0.141327 0.987845 -0.073687 0.992400 -0.098553 90.665070 0.134405 0.107802 0.985045 315.796234 0.000000 0.000000 0.000000 1.000000
0.987884 0.027958 -0.152655 1.592103 -0.048776 0.989728 -0.134386 93.291054 0.147330 0.140203 0.979100 322.362091 0.000000 0.000000 0.000000 1.000000
0.989430 0.004055 -0.144951 2.204752 -0.030284 0.983345 -0.179207 95.473282 0.141810 0.181703 0.973074 328.920105 0.000000 0.000000 0.000000 1.000000
0.990474 -0.008691 -0.137425 2.625505 -0.022248 0.974793 -0.222001 96.830765 0.135891 0.222944 0.965313 335.483276 0.000000 0.000000 0.000000 1.000000
0.990291 -0.010189 -0.138635 2.860143 -0.024236 0.969380 -0.244366 97.164406 0.136880 0.245353 0.959722 342.259216 0.000000 0.000000 0.000000 1.000000
0.990557 0.004819 -0.137014 3.023162 -0.037418 0.970943 -0.236369 96.415634 0.131894 0.239264 0.961955 349.236328 0.000000 0.000000 0.000000 1.000000
0.991838 0.024559 -0.125117 3.228671 -0.049560 0.978371 -0.200835 94.615829 0.117479 0.205397 0.971602 356.369080 0.000000 0.000000 0.000000 1.000000
0.994713 0.021947 -0.100317 3.644010 -0.037380 0.987260 -0.154661 91.799164 0.095645 0.157593 0.982861 363.495117 0.000000 0.000000 0.000000 1.000000
0.997775 -0.003149 -0.066593 4.260494 -0.004593 0.993264 -0.115785 88.932137 0.066509 0.115834 0.991039 370.161530 0.000000 0.000000 0.000000 1.000000
0.998453 -0.021561 -0.051249 4.640888 0.016790 0.995640 -0.091758 86.890083 0.053004 0.090755 0.994462 376.175995 0.000000 0.000000 0.000000 1.000000
0.997600 -0.022669 -0.065429 4.520800 0.017022 0.996183 -0.085612 85.746475 0.067120 0.084293 0.994178 381.807281 0.000000 0.000000 0.000000 1.000000
0.996329 -0.015257 -0.084239 4.168666 0.007528 0.995794 -0.091309 85.776489 0.085278 0.090340 0.992253 387.488312 0.000000 0.000000 0.000000 1.000000
0.995636 0.000273 -0.093323 3.789971 -0.009114 0.995500 -0.094322 87.253761 0.092877 0.094761 0.991158 393.632172 0.000000 0.000000 0.000000 1.000000
0.994417 0.025204 -0.102470 3.311018 -0.034311 0.995520 -0.088104 89.820541 0.099790 0.091128 0.990827 400.318054 0.000000 0.000000 0.000000 1.000000
0.991139 0.060289 -0.118361 2.676116 -0.071062 0.993493 -0.089007 92.607834 0.112225 0.096629 0.988973 407.187195 0.000000 0.000000 0.000000 1.000000
0.986521 0.093693 -0.134160 2.078495 -0.108865 0.987883 -0.110615 94.800163 0.122170 0.123729 0.984767 414.091522 0.000000 0.000000 0.000000 1.000000
0.985504 0.098834 -0.137887 1.767420 -0.117622 0.983766 -0.135531 95.903900 0.122254 0.149785 0.981131 421.129883 0.000000 0.000000 0.000000 1.000000
0.989697 0.069991 -0.124901 1.687737 -0.087221 0.986543 -0.138296 95.885323 0.113541 0.147765 0.982484 428.333466 0.000000 0.000000 0.000000 1.000000
0.994181 0.033719 -0.102314 1.567692 -0.045455 0.992368 -0.114630 94.925179 0.097667 0.118614 0.988125 435.617615 0.000000 0.000000 0.000000 1.000000
0.996443 0.015847 -0.082761 1.191478 -0.021830 0.997173 -0.071896 93.191963 0.081388 0.073447 0.993973 442.902374 0.000000 0.000000 0.000000 1.000000
0.996927 0.022937 -0.074905 0.532123 -0.024740 0.999424 -0.023238 90.985001 0.074329 0.025020 0.996920 449.945374 0.000000 0.000000 0.000000 1.000000
0.996716 0.043045 -0.068586 -0.215125 -0.042818 0.999071 0.004780 88.803879 0.068729 -0.001828 0.997634 456.272766 0.000000 0.000000 0.000000 1.000000
0.996833 0.059804 -0.052418 -0.707060 -0.059792 0.998209 0.001798 87.067360 0.052432 0.001342 0.998624 461.919250 0.000000 0.000000 0.000000 1.000000
0.997098 0.065061 -0.039530 -0.844782 -0.065699 0.997726 -0.015059 86.351532 0.038461 0.017613 0.999105 467.416504 0.000000 0.000000 0.000000 1.000000
0.997511 0.055401 -0.043626 -0.766601 -0.056916 0.997791 -0.034273 87.217552 0.041631 0.036671 0.998460 473.137878 0.000000 0.000000 0.000000 1.000000
0.997815 0.033922 -0.056693 -0.518222 -0.037009 0.997837 -0.054326 89.277779 0.054728 0.056306 0.996912 479.330505 0.000000 0.000000 0.000000 1.000000
0.997757 0.021234 -0.063481 -0.351356 -0.025323 0.997608 -0.064323 90.468376 0.061964 0.065786 0.995908 482.578918 0.000000 0.000000 0.000000 1.000000</float_array>
        <technique_common>
          <accessor source="#mixamorig_Hips-Matrix-animation-output-transform-array" count="78" stride="16">
            <param type="float4x4"/>
          </accessor>
        </technique_common>
      </source>
      <source id="mixamorig_Hips-Interpolations">
        <Name_array id="mixamorig_Hips-Interpolations-array" count="78">
 LINEAR LINEAR LINEAR LINEAR LINEAR LINEAR LINEAR LINEAR LINEAR LINEAR LINEAR
LINEAR LINEAR LINEAR LINEAR LINEAR LINEAR LINEAR LINEAR LINEAR LINEAR LINEAR LINEAR
LINEAR LINEAR LINEAR LINEAR LINEAR LINEAR LINEAR LINEAR LINEAR LINEAR LINEAR LINEAR
LINEAR LINEAR LINEAR LINEAR LINEAR LINEAR LINEAR LINEAR LINEAR LINEAR LINEAR LINEAR
LINEAR LINEAR LINEAR LINEAR LINEAR LINEAR LINEAR LINEAR LINEAR LINEAR LINEAR LINEAR
LINEAR LINEAR LINEAR LINEAR LINEAR LINEAR LINEAR LINEAR LINEAR LINEAR LINEAR LINEAR
LINEAR LINEAR LINEAR LINEAR LINEAR LINEAR LINEAR</Name_array>
        <technique_common>
          <accessor source="#mixamorig_Hips-Interpolations-array" count="78">
            <param type="name"/>
          </accessor>
        </technique_common>
      </source>
      <sampler id="mixamorig_Hips-Matrix-animation-transform">
        <input semantic="INPUT" source="#mixamorig_Hips-Matrix-animation-input"/>
        <input semantic="OUTPUT" source="#mixamorig_Hips-Matrix-animation-output-transform"/>
        <input semantic="INTERPOLATION" source="#mixamorig_Hips-Interpolations"/>
      </sampler>
      <channel source="#mixamorig_Hips-Matrix-animation-transform" target="mixamorig_Hips/matrix"/>
    </animation>
    <animation id="mixamorig_Spine-anim" name="mixamorig_Spine">
      <source id="mixamorig_Spine-Matrix-animation-input">
        <float_array id="mixamorig_Spine-Matrix-animation-input-array" count="78">

0.000000 0.033333 0.066667 0.100000 0.133333 0.166667 0.200000 0.233333 0.266667 0.300000 0.333333 0.366667 0.400000 0.433333 0.466667 0.500000
0.533333 0.566667 0.600000 0.633333 0.666667 0.700000 0.733333 0.766667 0.800000 0.833333 0.866667 0.900000 0.933333 0.966667 1.000000 1.033333
1.066667 1.100000 1.133333 1.166667 1.200000 1.233333 1.266667 1.300000 1.333333 1.366667 1.400000 1.433333 1.466667 1.500000 1.533333 1.566667
1.600000 1.633333 1.666667 1.700000 1.733333 1.766667 1.800000 1.833333 1.866667 1.900000 1.933333 1.966667 2.000000 2.033333 2.066667 2.100000
2.133333 2.166667 2.200000 2.233333 2.266667 2.300000 2.333333 2.366667 2.400000 2.433333 2.466667 2.500000 2.533333 2.566667</float_array>
        <technique_common>
          <accessor source="#mixamorig_Spine-Matrix-animation-input-array" count="78">
            <param name="TIME" type="float"/>
          </accessor>
        </technique_common>
      </source>
      <source id="mixamorig_Spine-Matrix-animation-output-transform">
        <float_array id="mixamorig_Spine-Matrix-animation-output-transform-array" count="1248">

0.999586 -0.007628 0.027736 -0.000000 0.008735 0.999161 -0.040022 9.226300 -0.027408 0.040247 0.998814 1.577100 0.000000 0.000000 0.000000 1.000000
0.999341 -0.001510 0.036270 0.000000 0.002918 0.999243 -0.038793 9.226300 -0.036184 0.038873 0.998589 1.577100 0.000000 0.000000 0.000000 1.000000
0.999077 0.005987 0.042545 0.000000 -0.004395 0.999290 -0.037417 9.226300 -0.042739 0.037195 0.998394 1.577100 0.000000 0.000000 0.000000 1.000000
0.998849 0.013443 0.046050 0.000000 -0.012032 0.999454 -0.030781 9.226300 -0.046439 0.030191 0.998465 1.577100 0.000000 0.000000 0.000000 1.000000
0.998665 0.017915 0.048441 0.000000 -0.016767 0.999571 -0.023995 9.226300 -0.048850 0.023151 0.998538 1.577100 0.000000 0.000000 0.000000 1.000000
0.998591 0.019909 0.049194 0.000000 -0.018812 0.999566 -0.022662 9.226300 -0.049624 0.021704 0.998532 1.577100 0.000000 0.000000 0.000000 1.000000
0.998685 0.020316 0.047078 0.000000 -0.019074 0.999462 -0.026684 9.226300 -0.047595 0.025751 0.998535 1.577100 0.000000 0.000000 0.000000 1.000000
0.998857 0.021005 0.042930 0.000000 -0.019584 0.999255 -0.033263 9.226300 -0.043596 0.032384 0.998524 1.577100 0.000000 0.000000 0.000000 1.000000
0.998959 0.023801 0.038909 0.000000 -0.022202 0.998912 -0.041013 9.226300 -0.039843 0.040106 0.998401 1.577100 0.000000 0.000000 0.000000 1.000000
0.998882 0.030121 0.036447 -0.000000 -0.028331 0.998413 -0.048672 9.226300 -0.037855 0.047585 0.998150 1.577100 0.000000 0.000000 0.000000 1.000000
0.998711 0.036043 0.035739 0.000000 -0.034134 0.998029 -0.052660 9.226300 -0.037567 0.051372 0.997973 1.577100 0.000000 0.000000 0.000000 1.000000
0.998778 0.037259 0.032484 0.000000 -0.035540 0.998015 -0.051987 9.226300 -0.034356 0.050769 0.998119 1.577100 0.000000 0.000000 0.000000 1.000000
0.999183 0.031748 0.025018 0.000000 -0.030456 0.998262 -0.050447 9.226300 -0.026576 0.049644 0.998413 1.577100 0.000000 0.000000 0.000000 1.000000
0.999608 0.022870 0.016170 0.000000 -0.022023 0.998469 -0.050740 9.226300 -0.017306 0.050364 0.998581 1.577100 0.000000 0.000000 0.000000 1.000000
0.999884 0.012609 0.008529 0.000000 -0.012161 0.998636 -0.050779 9.226300 -0.009158 0.050670 0.998673 1.577100 0.000000 0.000000 0.000000 1.000000
0.999996 -0.000874 0.002809 0.000000 0.001005 0.998901 -0.046858 9.226300 -0.002765 0.046860 0.998898 1.577100 0.000000 0.000000 0.000000 1.000000
0.999936 -0.011337 -0.000222 0.000000 0.011319 0.999135 -0.040005 9.226300 0.000676 0.040000 0.999199 1.577100 0.000000 0.000000 0.000000 1.000000
0.999910 -0.013398 -0.001035 0.000000 0.013353 0.999276 -0.035627 9.226300 0.001512 0.035610 0.999365 1.577100 0.000000 0.000000 0.000000 1.000000
0.999959 -0.008856 -0.001955 0.000000 0.008776 0.999258 -0.037511 9.226300 0.002286 0.037492 0.999294 1.577100 0.000000 0.000000 0.000000 1.000000
0.999981 -0.005027 -0.003692 0.000000 0.004863 0.999057 -0.043136 9.226300 0.003906 0.043117 0.999062 1.577100 0.000000 0.000000 0.000000 1.000000
0.999976 -0.004622 -0.005097 0.000000 0.004374 0.998849 -0.047767 9.226300 0.005312 0.047744 0.998845 1.577100 0.000000 0.000000 0.000000 1.000000
0.999965 -0.007074 -0.004523 0.000000 0.006840 0.998737 -0.049769 9.226300 0.004869 0.049736 0.998751 1.577100 0.000000 0.000000 0.000000 1.000000
0.999944 -0.009911 -0.003809 0.000000 0.009703 0.998636 -0.051302 9.226300 0.004312 0.051262 0.998676 1.577100 0.000000 0.000000 0.000000 1.000000
0.999923 -0.012185 -0.002244 -0.000000 0.012049 0.998520 -0.053034 9.226300 0.002887 0.053003 0.998590 1.577100 0.000000 0.000000 0.000000 1.000000
0.999889 -0.014256 0.004294 0.000000 0.014456 0.998610 -0.050688 9.226300 -0.003565 0.050745 0.998705 1.577100 0.000000 0.000000 0.000000 1.000000
0.999778 -0.013965 0.015795 -0.000000 0.014653 0.998912 -0.044275 9.226300 -0.015160 0.044496 0.998895 1.577100 0.000000 0.000000 0.000000 1.000000
0.999582 -0.009416 0.027321 0.000000 0.010476 0.999188 -0.038907 9.226300 -0.026933 0.039177 0.998869 1.577100 0.000000 0.000000 0.000000 1.000000
0.999371 -0.002199 0.035399 -0.000000 0.003447 0.999373 -0.035227 9.226300 -0.035299 0.035327 0.998752 1.577100 0.000000 0.000000 0.000000 1.000000
0.999166 0.003848 0.040652 0.000000 -0.002634 0.999550 -0.029887 9.226300 -0.040749 0.029755 0.998726 1.577100 0.000000 0.000000 0.000000 1.000000
0.998971 0.007066 0.044804 0.000000 -0.006042 0.999718 -0.022959 9.226300 -0.044954 0.022665 0.998732 1.577100 0.000000 0.000000 0.000000 1.000000
0.998827 0.008359 0.047696 0.000000 -0.007512 0.999811 -0.017912 9.226300 -0.047837 0.017532 0.998701 1.577100 0.000000 0.000000 0.000000 1.000000
0.998846 0.008028 0.047344 0.000000 -0.007202 0.999819 -0.017594 9.226300 -0.047477 0.017233 0.998724 1.577100 0.000000 0.000000 0.000000 1.000000
0.999047 0.006797 0.043120 -0.000000 -0.005830 0.999729 -0.022531 9.226300 -0.043262 0.022258 0.998816 1.577100 0.000000 0.000000 0.000000 1.000000
0.999211 0.008563 0.038782 0.000000 -0.007400 0.999522 -0.030021 9.226300 -0.039021 0.029710 0.998797 1.577100 0.000000 0.000000 0.000000 1.000000
0.999253 0.015422 0.035426 0.000000 -0.014108 0.999214 -0.037058 9.226300 -0.035970 0.036530 0.998685 1.577100 0.000000 0.000000 0.000000 1.000000
0.999230 0.022264 0.032302 0.000000 -0.020887 0.998885 -0.042344 9.226300 -0.033208 0.041636 0.998581 1.577100 0.000000 0.000000 0.000000 1.000000
0.999292 0.025578 0.027597 0.000000 -0.024320 0.998691 -0.044997 9.226300 -0.028712 0.044294 0.998606 1.577100 0.000000 0.000000 0.000000 1.000000
0.999521 0.025042 0.018211 0.000000 -0.024208 0.998708 -0.044682 9.226300 -0.019307 0.044220 0.998835 1.577100 0.000000 0.000000 0.000000 1.000000
0.999781 0.020026 0.006055 0.000000 -0.019751 0.998899 -0.042557 9.226300 -0.006900 0.042428 0.999076 1.577100 0.000000 0.000000 0.000000 1.000000
0.999929 0.011281 -0.003963 0.000000 -0.011427 0.999168 -0.039140 9.226300 0.003519 0.039183 0.999226 1.577100 0.000000 0.000000 0.000000 1.000000
0.999945 0.000706 -0.010502 0.000000 -0.001056 0.999441 -0.033404 9.226300 0.010473 0.033414 0.999387 1.577100 0.000000 0.000000 0.000000 1.000000
0.999838 -0.010274 -0.014770 -0.000000 0.009883 0.999605 -0.026309 9.226300 0.015034 0.026159 0.999545 1.577100 0.000000 0.000000 0.000000 1.000000
0.999720 -0.015944 -0.017461 0.000000 0.015568 0.999648 -0.021483 9.226300 0.017797 0.021205 0.999617 1.577100 0.000000 0.000000 0.000000 1.000000
0.999706 -0.014284 -0.019600 0.000000 0.013858 0.999668 -0.021734 9.226300 0.019904 0.021456 0.999572 1.577100 0.000000 0.000000 0.000000 1.000000
0.999727 -0.010622 -0.020817 0.000000 0.010031 0.999550 -0.028262 9.226300 0.021108 0.028046 0.999384 1.577100 0.000000 0.000000 0.000000 1.000000
0.999754 -0.010319 -0.019639 0.000000 0.009560 0.999218 -0.038360 9.226300 0.020019 0.038163 0.999071 1.577100 0.000000 0.000000 0.000000 1.000000
0.999755 -0.014151 -0.017032 0.000000 0.013365 0.998880 -0.045397 9.226300 0.017655 0.045159 0.998824 1.577100 0.000000 0.000000 0.000000 1.000000
0.999714 -0.018411 -0.015290 0.000000 0.017678 0.998751 -0.046723 9.226300 0.016131 0.046440 0.998791 1.577100 0.000000 0.000000 0.000000 1.000000
0.999702 -0.020767 -0.012813 0.000000 0.020158 0.998738 -0.045998 9.226300 0.013752 0.045726 0.998859 1.577100 0.000000 0.000000 0.000000 1.000000
0.999760 -0.021154 -0.005639 0.000000 0.020881 0.998778 -0.044789 9.226300 0.006580 0.044661 0.998981 1.577100 0.000000 0.000000 0.000000 1.000000
0.999793 -0.018911 0.007478 0.000000 0.019208 0.998937 -0.041910 9.226300 -0.006678 0.042045 0.999093 1.577100 0.000000 0.000000 0.000000 1.000000
0.999630 -0.013699 0.023510 0.000000 0.014577 0.999187 -0.037589 9.226300 -0.022976 0.037918 0.999017 1.577100 0.000000 0.000000 0.000000 1.000000
0.999312 -0.007044 0.036406 0.000000 0.008202 0.999462 -0.031752 9.226300 -0.036163 0.032029 0.998832 1.577100 0.000000 0.000000 0.000000 1.000000
0.999048 -0.001524 0.043591 0.000000 0.002591 0.999698 -0.024426 9.226300 -0.043541 0.024516 0.998751 1.577100 0.000000 0.000000 0.000000 1.000000
0.998769 0.002922 0.049508 0.000000 -0.002029 0.999835 -0.018064 9.226300 -0.049552 0.017942 0.998610 1.577100 0.000000 0.000000 0.000000 1.000000
0.998465 0.006576 0.054986 0.000000 -0.005774 0.999875 -0.014742 9.226300 -0.055076 0.014402 0.998378 1.577100 0.000000 0.000000 0.000000 1.000000
0.998437 0.005756 0.055585 0.000000 -0.004928 0.999875 -0.015027 9.226300 -0.055665 0.014729 0.998341 1.577100 0.000000 0.000000 0.000000 1.000000
0.998717 0.002021 0.050597 0.000000 -0.001062 0.999819 -0.018971 9.226300 -0.050626 0.018893 0.998539 1.577100 0.000000 0.000000 0.000000 1.000000
0.999103 0.002246 0.042286 -0.000000 -0.001208 0.999698 -0.024564 9.226300 -0.042328 0.024491 0.998804 1.577100 0.000000 0.000000 0.000000 1.000000
0.999457 0.006423 0.032332 0.000000 -0.005438 0.999521 -0.030468 9.226300 -0.032512 0.030276 0.999013 1.577100 0.000000 0.000000 0.000000 1.000000
0.999585 0.010313 0.026899 0.000000 -0.009325 0.999287 -0.036588 9.226300 -0.027257 0.036322 0.998968 1.577100 0.000000 0.000000 0.000000 1.000000
0.999564 0.013586 0.026220 0.000000 -0.012532 0.999123 -0.039940 9.226300 -0.026739 0.039594 0.998858 1.577100 0.000000 0.000000 0.000000 1.000000
0.999643 0.015174 0.021985 0.000000 -0.014319 0.999155 -0.038536 9.226300 -0.022551 0.038207 0.999015 1.577100 0.000000 0.000000 0.000000 1.000000
0.999845 0.012248 0.012673 0.000000 -0.011795 0.999310 -0.035222 9.226300 -0.013096 0.035067 0.999299 1.577100 0.000000 0.000000 0.000000 1.000000
0.999978 0.005423 0.003770 0.000000 -0.005294 0.999430 -0.033341 9.226300 -0.003949 0.033320 0.999437 1.577100 0.000000 0.000000 0.000000 1.000000
0.999991 -0.003761 -0.001700 -0.000000 0.003705 0.999498 -0.031458 9.226300 0.001818 0.031451 0.999504 1.577100 0.000000 0.000000 0.000000 1.000000
0.999893 -0.013644 -0.005232 -0.000000 0.013500 0.999554 -0.026639 9.226300 0.005593 0.026565 0.999631 1.577100 0.000000 0.000000 0.000000 1.000000
0.999800 -0.018163 -0.008404 0.000000 0.017978 0.999603 -0.021690 9.226300 0.008795 0.021534 0.999729 1.577100 0.000000 0.000000 0.000000 1.000000
0.999862 -0.012790 -0.010560 -0.000000 0.012561 0.999692 -0.021416 9.226300 0.010831 0.021280 0.999715 1.577100 0.000000 0.000000 0.000000 1.000000
0.999918 -0.005257 -0.011690 0.000000 0.004960 0.999669 -0.025239 9.226300 0.011819 0.025179 0.999613 1.577100 0.000000 0.000000 0.000000 1.000000
0.999938 -0.001707 -0.011024 0.000000 0.001368 0.999529 -0.030642 9.226300 0.011071 0.030625 0.999470 1.577100 0.000000 0.000000 0.000000 1.000000
0.999969 -0.002481 -0.007440 -0.000000 0.002205 0.999318 -0.036861 9.226300 0.007527 0.036843 0.999293 1.577100 0.000000 0.000000 0.000000 1.000000
0.999978 -0.006010 -0.002807 0.000000 0.005886 0.999085 -0.042362 9.226300 0.003059 0.042345 0.999098 1.577100 0.000000 0.000000 0.000000 1.000000
0.999941 -0.010889 0.000632 -0.000000 0.010906 0.998901 -0.045585 9.226300 -0.000135 0.045590 0.998960 1.577100 0.000000 0.000000 0.000000 1.000000
0.999887 -0.014260 0.004803 0.000000 0.014468 0.998820 -0.046350 9.226300 -0.004137 0.046414 0.998914 1.577100 0.000000 0.000000 0.000000 1.000000
0.999836 -0.013445 0.012119 -0.000000 0.013976 0.998895 -0.044861 9.226300 -0.011503 0.045023 0.998920 1.577100 0.000000 0.000000 0.000000 1.000000
0.999708 -0.009769 0.022096 0.000000 0.010686 0.999069 -0.041801 9.226300 -0.021667 0.042025 0.998882 1.577100 0.000000 0.000000 0.000000 1.000000
0.999586 -0.007628 0.027736 -0.000000 0.008735 0.999161 -0.040022 9.226300 -0.027408 0.040247 0.998814 1.577100 0.000000 0.000000 0.000000 1.000000</float_array>
        <technique_common>
          <accessor source="#mixamorig_Spine-Matrix-animation-output-transform-array" count="78" stride="16">
            <param type="float4x4"/>
          </accessor>
        </technique_common>
      </source>
      <source id="mixamorig_Spine-Interpolations">
        <Name_array id="mixamorig_Spine-Interpolations-array" count="78">
 LINEAR LINEAR LINEAR LINEAR LINEAR LINEAR LINEAR LINEAR LINEAR LINEAR LINEAR
LINEAR LINEAR LINEAR LINEAR LINEAR LINEAR LINEAR LINEAR LINEAR LINEAR LINEAR LINEAR
LINEAR LINEAR LINEAR LINEAR LINEAR LINEAR LINEAR LINEAR LINEAR LINEAR LINEAR LINEAR
LINEAR LINEAR LINEAR LINEAR LINEAR LINEAR LINEAR LINEAR LINEAR LINEAR LINEAR LINEAR
LINEAR LINEAR LINEAR LINEAR LINEAR LINEAR LINEAR LINEAR LINEAR LINEAR LINEAR LINEAR
LINEAR LINEAR LINEAR LINEAR LINEAR LINEAR LINEAR LINEAR LINEAR LINEAR LINEAR LINEAR
LINEAR LINEAR LINEAR LINEAR LINEAR LINEAR LINEAR</Name_array>
        <technique_common>
          <accessor source="#mixamorig_Spine-Interpolations-array" count="78">
            <param type="name"/>
          </accessor>
        </technique_common>
      </source>
      <sampler id="mixamorig_Spine-Matrix-animation-transform">
        <input semantic="INPUT" source="#mixamorig_Spine-Matrix-animation-input"/>
        <input semantic="OUTPUT" source="#mixamorig_Spine-Matrix-animation-output-transform"/>
        <input semantic="INTERPOLATION" source="#mixamorig_Spine-Interpolations"/>
      </sampler>
      <channel source="#mixamorig_Spine-Matrix-animation-transform" target="mixamorig_Spine/matrix"/>
    </animation>
    <animation id="mixamorig_Spine1-anim" name="mixamorig_Spine1">
      <source id="mixamorig_Spine1-Matrix-animation-input">
        <float_array id="mixamorig_Spine1-Matrix-animation-input-array" count="78">

0.000000 0.033333 0.066667 0.100000 0.133333 0.166667 0.200000 0.233333 0.266667 0.300000 0.333333 0.366667 0.400000 0.433333 0.466667 0.500000
0.533333 0.566667 0.600000 0.633333 0.666667 0.700000 0.733333 0.766667 0.800000 0.833333 0.866667 0.900000 0.933333 0.966667 1.000000 1.033333
1.066667 1.100000 1.133333 1.166667 1.200000 1.233333 1.266667 1.300000 1.333333 1.366667 1.400000 1.433333 1.466667 1.500000 1.533333 1.566667
1.600000 1.633333 1.666667 1.700000 1.733333 1.766667 1.800000 1.833333 1.866667 1.900000 1.933333 1.966667 2.000000 2.033333 2.066667 2.100000
2.133333 2.166667 2.200000 2.233333 2.266667 2.300000 2.333333 2.366667 2.400000 2.433333 2.466667 2.500000 2.533333 2.566667</float_array>
        <technique_common>
          <accessor source="#mixamorig_Spine1-Matrix-animation-input-array" count="78">
            <param name="TIME" type="float"/>
          </accessor>
        </technique_common>
      </source>
      <source id="mixamorig_Spine1-Matrix-animation-output-transform">
        <float_array id="mixamorig_Spine1-Matrix-animation-output-transform-array" count="1248">

0.998345 -0.006141 0.057185 -0.000000 0.007090 0.999840 -0.016404 16.254900 -0.057075 0.016782 0.998229 0.000000 0.000000 0.000000 0.000000 1.000000
0.997236 0.004945 0.074137 0.000000 -0.003901 0.999891 -0.014214 16.254900 -0.074199 0.013886 0.997147 0.000000 0.000000 0.000000 0.000000 1.000000
0.996057 0.018479 0.086770 0.000000 -0.017518 0.999777 -0.011819 16.254900 -0.086969 0.010252 0.996158 0.000000 0.000000 0.000000 0.000000 1.000000
0.995161 0.029572 0.093699 -0.000000 -0.029819 0.999555 0.001233 16.254900 -0.093620 -0.004021 0.995600 0.000000 0.000000 0.000000 0.000000 1.000000
0.994582 0.032879 0.098620 0.000000 -0.034510 0.999294 0.014872 16.254900 -0.098062 -0.018195 0.995014 0.000000 0.000000 0.000000 0.000000 1.000000
0.994499 0.030527 0.100203 -0.000000 -0.032476 0.999313 0.017881 16.254900 -0.099588 -0.021037 0.994806 0.000000 0.000000 0.000000 0.000000 1.000000
0.994974 0.030356 0.095421 0.000000 -0.031448 0.999456 0.009962 16.254900 -0.095067 -0.012912 0.995387 0.000000 0.000000 0.000000 0.000000 1.000000
0.995635 0.034547 0.086700 -0.000000 -0.034389 0.999403 -0.003306 16.254900 -0.086763 0.000310 0.996229 -0.000000 0.000000 0.000000 0.000000 1.000000
0.996022 0.042260 0.078448 -0.000000 -0.040893 0.998984 -0.018947 16.254900 -0.079169 0.015664 0.996738 0.000000 0.000000 0.000000 0.000000 1.000000
0.995798 0.054555 0.073555 0.000000 -0.052135 0.998046 -0.034428 16.254900 -0.075290 0.030449 0.996697 0.000000 0.000000 0.000000 0.000000 1.000000
0.995328 0.064291 0.072034 0.000000 -0.061337 0.997212 -0.042501 16.254900 -0.074566 0.037884 0.996496 0.000000 0.000000 0.000000 0.000000 1.000000
0.995765 0.064655 0.065364 0.000000 -0.062059 0.997230 -0.041004 16.254900 -0.067834 0.036774 0.997019 -0.000000 0.000000 0.000000 0.000000 1.000000
0.997410 0.051802 0.049889 -0.000000 -0.049960 0.998048 -0.037485 16.254900 -0.051733 0.034895 0.998051 0.000000 0.000000 0.000000 0.000000 1.000000
0.998962 0.032795 0.031615 0.000000 -0.031595 0.998789 -0.037710 16.254900 -0.032813 0.036672 0.998789 0.000000 0.000000 0.000000 0.000000 1.000000
0.999795 0.012290 0.016110 0.000000 -0.011676 0.999223 -0.037644 16.254900 -0.016560 0.037448 0.999161 0.000000 0.000000 0.000000 0.000000 1.000000
0.999925 -0.011310 0.004601 -0.000000 0.011443 0.999490 -0.029808 16.254900 -0.004261 0.029859 0.999545 -0.000000 0.000000 0.000000 0.000000 1.000000
0.999643 -0.026687 -0.001614 -0.000000 0.026657 0.999514 -0.016156 16.254900 0.002045 0.016107 0.999868 0.000000 0.000000 0.000000 0.000000 1.000000
0.999678 -0.025197 -0.002841 0.000000 0.025175 0.999656 -0.007398 16.254900 0.003026 0.007324 0.999969 0.000000 0.000000 0.000000 0.000000 1.000000
0.999909 -0.013071 -0.003351 0.000000 0.013033 0.999853 -0.011145 16.254900 0.003496 0.011100 0.999932 0.000000 0.000000 0.000000 0.000000 1.000000
0.999974 -0.004778 -0.005390 0.000000 0.004656 0.999739 -0.022387 16.254900 0.005495 0.022361 0.999735 0.000000 0.000000 0.000000 0.000000 1.000000
0.999966 -0.004108 -0.007109 0.000000 0.003881 0.999491 -0.031651 16.254900 0.007236 0.031622 0.999474 0.000000 0.000000 0.000000 0.000000 1.000000
0.999946 -0.008940 -0.005359 0.000000 0.008744 0.999326 -0.035665 16.254900 0.005674 0.035617 0.999349 0.000000 0.000000 0.000000 0.000000 1.000000
0.999902 -0.013548 -0.003572 0.000000 0.013400 0.999160 -0.038737 16.254900 0.004093 0.038686 0.999243 0.000000 0.000000 0.000000 0.000000 1.000000
0.999859 -0.016801 -0.000454 0.000000 0.016767 0.998968 -0.042203 16.254900 0.001162 0.042190 0.999109 0.000000 0.000000 0.000000 0.000000 1.000000
0.999727 -0.019990 0.012076 0.000000 0.020430 0.999088 -0.037505 16.254900 -0.011316 0.037741 0.999223 -0.000000 0.000000 0.000000 0.000000 1.000000
0.999232 -0.019059 0.034236 0.000000 0.019910 0.999497 -0.024686 16.254900 -0.033748 0.025349 0.999109 0.000000 0.000000 0.000000 0.000000 1.000000
0.998345 -0.010259 0.056595 -0.000000 0.011074 0.999839 -0.014100 16.254900 -0.056441 0.014704 0.998298 0.000000 0.000000 0.000000 0.000000 1.000000
0.997384 0.002795 0.072235 0.000000 -0.002294 0.999973 -0.007010 16.254900 -0.072253 0.006826 0.997363 0.000000 0.000000 0.000000 0.000000 1.000000
0.996545 0.011975 0.082185 0.000000 -0.012303 0.999918 0.003490 16.254900 -0.082137 -0.004489 0.996611 -0.000000 0.000000 0.000000 0.000000 1.000000
0.995851 0.013669 0.089971 0.000000 -0.015294 0.999732 0.017397 16.254900 -0.089709 -0.018701 0.995792 0.000000 0.000000 0.000000 0.000000 1.000000
0.995376 0.010774 0.095448 0.000000 -0.013479 0.999525 0.027733 16.254900 -0.095104 -0.028891 0.995048 0.000000 0.000000 0.000000 0.000000 1.000000
0.995538 0.006214 0.094158 0.000000 -0.008950 0.999549 0.028667 16.254900 -0.093937 -0.029382 0.995144 0.000000 0.000000 0.000000 0.000000 1.000000
0.996396 0.003918 0.084737 -0.000000 -0.005539 0.999806 0.018900 16.254900 -0.084647 -0.019302 0.996224 0.000000 0.000000 0.000000 0.000000 1.000000
0.997113 0.009397 0.075350 0.000000 -0.009710 0.999946 0.003787 16.254900 -0.075310 -0.004508 0.997150 0.000000 0.000000 0.000000 0.000000 1.000000
0.997336 0.024017 0.068880 0.000000 -0.023345 0.999672 -0.010547 16.254900 -0.069111 0.008911 0.997569 0.000000 0.000000 0.000000 0.000000 1.000000
0.997328 0.036826 0.063099 0.000000 -0.035547 0.999142 -0.021267 16.254900 -0.063828 0.018967 0.997781 0.000000 0.000000 0.000000 0.000000 1.000000
0.997653 0.042051 0.054048 0.000000 -0.040662 0.998820 -0.026543 16.254900 -0.055101 0.024282 0.998185 -0.000000 0.000000 0.000000 0.000000 1.000000
0.998563 0.040048 0.035615 0.000000 -0.039144 0.998902 -0.025731 16.254900 -0.036606 0.024300 0.999034 -0.000000 0.000000 0.000000 0.000000 1.000000
0.999514 0.029037 0.011303 0.000000 -0.028792 0.999359 -0.021279 16.254900 -0.011914 0.020943 0.999710 0.000000 0.000000 0.000000 0.000000 1.000000
0.999902 0.010727 -0.008969 -0.000000 -0.010856 0.999837 -0.014430 16.254900 0.008813 0.014526 0.999856 -0.000000 0.000000 0.000000 0.000000 1.000000
0.999686 -0.011139 -0.022440 0.000000 0.011071 0.999934 -0.003132 16.254900 0.022473 0.002883 0.999743 0.000000 0.000000 0.000000 0.000000 1.000000
0.999083 -0.029297 -0.031231 0.000000 0.029649 0.999501 0.010870 16.254900 0.030896 -0.011786 0.999453 0.000000 0.000000 0.000000 0.000000 1.000000
0.998763 -0.033560 -0.036680 0.000000 0.034328 0.999200 0.020522 16.254900 0.035962 -0.021756 0.999116 0.000000 0.000000 0.000000 0.000000 1.000000
0.998884 -0.024887 -0.040130 -0.000000 0.025712 0.999466 0.020179 16.254900 0.039606 -0.021189 0.998991 0.000000 0.000000 0.000000 0.000000 1.000000
0.999038 -0.015278 -0.041113 0.000000 0.015590 0.999852 0.007275 16.254900 0.040996 -0.007909 0.999128 0.000000 0.000000 0.000000 0.000000 1.000000
0.999195 -0.014266 -0.037489 0.000000 0.013792 0.999822 -0.012890 16.254900 0.037666 0.012362 0.999214 -0.000000 0.000000 0.000000 0.000000 1.000000
0.999270 -0.021602 -0.031498 0.000000 0.020753 0.999420 -0.027015 16.254900 0.032064 0.026341 0.999139 -0.000000 0.000000 0.000000 0.000000 1.000000
0.999194 -0.029060 -0.027684 0.000000 0.028236 0.999160 -0.029700 16.254900 0.028524 0.028895 0.999175 0.000000 0.000000 0.000000 0.000000 1.000000
0.999219 -0.032319 -0.022741 0.000000 0.031672 0.999099 -0.028234 16.254900 0.023633 0.027492 0.999343 0.000000 0.000000 0.000000 0.000000 1.000000
0.999448 -0.032040 -0.008764 0.000000 0.031805 0.999162 -0.025751 16.254900 0.009582 0.025458 0.999630 0.000000 0.000000 0.000000 0.000000 1.000000
0.999487 -0.027238 0.016842 0.000000 0.027572 0.999421 -0.019935 16.254900 -0.016289 0.020389 0.999659 -0.000000 0.000000 0.000000 0.000000 1.000000
0.998686 -0.017441 0.048195 0.000000 0.018010 0.999773 -0.011385 16.254900 -0.047986 0.012238 0.998773 -0.000000 0.000000 0.000000 0.000000 1.000000
0.997299 -0.005508 0.073245 0.000000 0.005521 0.999985 0.000018 16.254900 -0.073244 0.000387 0.997314 0.000000 0.000000 0.000000 0.000000 1.000000
0.996214 0.003892 0.086842 0.000000 -0.005161 0.999883 0.014395 16.254900 -0.086776 -0.014789 0.996118 0.000000 0.000000 0.000000 0.000000 1.000000
0.995127 0.007850 0.098291 0.000000 -0.010561 0.999577 0.027091 16.254900 -0.098037 -0.027997 0.994789 0.000000 0.000000 0.000000 0.000000 1.000000
0.993923 0.005733 0.109925 0.000000 -0.009541 0.999371 0.034147 16.254900 -0.109660 -0.034989 0.993353 0.000000 0.000000 0.000000 0.000000 1.000000
0.993850 -0.001376 0.110722 -0.000000 -0.002413 0.999416 0.034078 16.254900 -0.110705 -0.034136 0.993267 0.000000 0.000000 0.000000 0.000000 1.000000
0.995025 -0.006859 0.099393 0.000000 0.004266 0.999645 0.026282 16.254900 -0.099538 -0.025728 0.994701 -0.000000 0.000000 0.000000 0.000000 1.000000
0.996654 -0.002995 0.081686 0.000000 0.001784 0.999887 0.014902 16.254900 -0.081721 -0.014707 0.996547 0.000000 0.000000 0.000000 0.000000 1.000000
0.998078 0.007017 0.061578 -0.000000 -0.007210 0.999970 0.002910 16.254900 -0.061556 -0.003348 0.998098 0.000000 0.000000 0.000000 0.000000 1.000000
0.998607 0.014260 0.050793 0.000000 -0.013801 0.999861 -0.009381 16.254900 -0.050919 0.008667 0.998665 0.000000 0.000000 0.000000 0.000000 1.000000
