<?xml version="1.0" encoding="utf-8"?>
<COLLADA xmlns="http://www.collada.org/2005/11/COLLADASchema" version="1.4.1">
  <asset>
    <contributor>
      <author>Mixamo</author>
      <authoring_tool>COLLADA Mixamo exporter</authoring_tool>
      <comments/>
    </contributor>
    <created>2023-03-13T06:13:16Z</created>
    <modified>2023-03-13T06:13:16Z</modified>
    <revision/>
    <title/>
    <unit meter="0.010000"/>
    <up_axis>Y_UP</up_axis>
  </asset>
  <library_animations>
    <animation id="mixamorig_Hips-anim" name="mixamorig_Hips">
      <source id="mixamorig_Hips-Matrix-animation-input">
        <float_array id="mixamorig_Hips-Matrix-animation-input-array" count="39">

0.000000 0.033333 0.066667 0.100000 0.133333 0.166667 0.200000 0.233333 0.266667 0.300000 0.333333 0.366667 0.400000 0.433333 0.466667 0.500000
0.533333 0.566667 0.600000 0.633333 0.666667 0.700000 0.733333 0.766667 0.800000 0.833333 0.866667 0.900000 0.933333 0.966667 1.000000 1.033333
1.066667 1.100000 1.133333 1.166667 1.200000 1.233333 1.266667</float_array>
        <technique_common>
          <accessor source="#mixamorig_Hips-Matrix-animation-input-array" count="39">
            <param name="TIME" type="float"/>
          </accessor>
        </technique_common>
      </source>
      <source id="mixamorig_Hips-Matrix-animation-output-transform">
        <float_array id="mixamorig_Hips-Matrix-animation-output-transform-array" count="624">

0.941572 0.000279 -0.336811 0.039057 -0.029054 0.996339 -0.080397 88.879044 0.335556 0.085485 0.938134 -0.764517 0.000000 0.000000 0.000000 1.000000
0.949980 0.001866 -0.312306 0.207766 -0.031381 0.995492 -0.089508 88.876221 0.310731 0.094831 0.945755 -0.520449 0.000000 0.000000 0.000000 1.000000
0.958300 0.004243 -0.285732 0.306511 -0.033737 0.994577 -0.098380 88.868797 0.283765 0.103918 0.953246 -0.290981 0.000000 0.000000 0.000000 1.000000
0.965699 0.007097 -0.259567 0.366831 -0.036052 0.993609 -0.106962 88.834602 0.257149 0.112651 0.959783 -0.085116 0.000000 0.000000 0.000000 1.000000
0.971695 0.010950 -0.235985 0.348745 -0.038999 0.992655 -0.114521 88.724792 0.232998 0.120483 0.964985 0.059935 0.000000 0.000000 0.000000 1.000000
0.976348 0.013400 -0.215789 0.302506 -0.040096 0.991986 -0.119820 88.479958 0.212454 0.125638 0.969060 0.066868 0.000000 0.000000 0.000000 1.000000
0.980412 0.013856 -0.196472 0.289704 -0.039049 0.991396 -0.124937 88.088593 0.193050 0.130162 0.972517 -0.034683 0.000000 0.000000 0.000000 1.000000
0.982534 0.014947 -0.185481 0.267466 -0.040026 0.990413 -0.132213 87.568993 0.181727 0.137328 0.973713 -0.181964 0.000000 0.000000 0.000000 1.000000
0.978241 0.016464 -0.206817 0.272386 -0.046327 0.989011 -0.140395 87.003822 0.202233 0.146922 0.968254 -0.255633 0.000000 0.000000 0.000000 1.000000
0.956651 0.012350 -0.290976 0.441060 -0.056317 0.988088 -0.143218 86.528534 0.285741 0.153397 0.945950 -0.057031 0.000000 0.000000 0.000000 1.000000
0.892770 -0.004311 -0.450492 0.878626 -0.063293 0.988837 -0.134893 86.274940 0.446044 0.148942 0.882531 0.629384 0.000000 0.000000 0.000000 1.000000
0.755908 -0.031451 -0.653922 1.500403 -0.061114 0.991094 -0.118313 86.282082 0.651819 0.129398 0.747254 1.873530 0.000000 0.000000 0.000000 1.000000
0.551334 -0.056223 -0.832388 2.080430 -0.051750 0.993501 -0.101382 86.484825 0.832678 0.098971 0.544841 3.446178 0.000000 0.000000 0.000000 1.000000
0.341278 -0.064965 -0.937715 2.518298 -0.044359 0.995384 -0.085105 86.552299 0.938915 0.070641 0.336821 4.905838 0.000000 0.000000 0.000000 1.000000
0.193403 -0.056094 -0.979514 3.032469 -0.048092 0.996622 -0.066569 86.270905 0.979940 0.059981 0.190053 5.905260 0.000000 0.000000 0.000000 1.000000
0.126321 -0.041801 -0.991108 3.770739 -0.060676 0.996915 -0.049779 85.908653 0.990132 0.066425 0.123395 6.245437 0.000000 0.000000 0.000000 1.000000
0.117145 -0.034009 -0.992532 4.819484 -0.078779 0.995946 -0.043424 85.649635 0.989985 0.083277 0.113991 6.088180 0.000000 0.000000 0.000000 1.000000
0.135168 -0.037499 -0.990113 5.926678 -0.092551 0.994437 -0.050297 85.587746 0.986491 0.098435 0.130946 5.714363 0.000000 0.000000 0.000000 1.000000
0.159503 -0.049277 -0.985967 6.783804 -0.095539 0.993295 -0.065099 85.730148 0.982564 0.104582 0.153725 5.377982 0.000000 0.000000 0.000000 1.000000
0.179368 -0.064046 -0.981695 7.293617 -0.088877 0.992743 -0.081006 85.907249 0.979759 0.101780 0.172374 5.191423 0.000000 0.000000 0.000000 1.000000
0.193438 -0.078199 -0.977991 7.484904 -0.075725 0.992655 -0.094349 86.144508 0.978186 0.092309 0.186095 5.060697 0.000000 0.000000 0.000000 1.000000
0.211058 -0.088804 -0.973431 7.402109 -0.060502 0.992768 -0.103686 86.519402 0.975599 0.080778 0.204159 4.815087 0.000000 0.000000 0.000000 1.000000
0.246816 -0.093239 -0.964566 7.028383 -0.046347 0.993086 -0.107855 87.063614 0.967953 0.071325 0.240788 4.303288 0.000000 0.000000 0.000000 1.000000
0.308493 -0.091102 -0.946854 6.351315 -0.034972 0.993644 -0.106998 87.723328 0.950584 0.066122 0.303346 3.494557 0.000000 0.000000 0.000000 1.000000
0.390614 -0.085535 -0.916572 5.420297 -0.025698 0.994273 -0.103738 88.431976 0.920196 0.064076 0.386178 2.488498 0.000000 0.000000 0.000000 1.000000
0.479713 -0.080656 -0.873711 4.322252 -0.016376 0.994770 -0.100823 89.157310 0.877273 0.062674 0.475883 1.439987 0.000000 0.000000 0.000000 1.000000
0.563719 -0.077380 -0.822334 3.151686 -0.007034 0.995116 -0.098460 89.874786 0.825937 0.061288 0.560422 0.492783 0.000000 0.000000 0.000000 1.000000
0.636317 -0.072573 -0.768007 2.016367 -0.001108 0.995478 -0.094985 90.486427 0.771427 0.061292 0.633359 -0.251620 0.000000 0.000000 0.000000 1.000000
0.695872 -0.062314 -0.715457 1.052187 -0.002319 0.996028 -0.089006 90.818680 0.718162 0.063596 0.692964 -0.749132 0.000000 0.000000 0.000000 1.000000
0.743716 -0.047197 -0.666828 0.325923 -0.008909 0.996716 -0.080482 90.842415 0.668437 0.065797 0.740853 -1.050378 0.000000 0.000000 0.000000 1.000000
0.783714 -0.030952 -0.620350 -0.154588 -0.016609 0.997356 -0.070745 90.576843 0.620900 0.065747 0.781128 -1.235101 0.000000 0.000000 0.000000 1.000000
0.821153 -0.018418 -0.570412 -0.498380 -0.020483 0.997884 -0.061707 90.222435 0.570341 0.062354 0.819038 -1.393883 0.000000 0.000000 0.000000 1.000000
0.858544 -0.009850 -0.512645 -0.822628 -0.021155 0.998284 -0.054611 89.857132 0.512303 0.057731 0.856862 -1.532698 0.000000 0.000000 0.000000 1.000000
0.892453 -0.003608 -0.451125 -1.147344 -0.021249 0.998522 -0.050022 89.564034 0.450639 0.054228 0.891058 -1.611803 0.000000 0.000000 0.000000 1.000000
0.916533 0.001156 -0.399958 -1.326604 -0.022654 0.998541 -0.049026 89.352531 0.399318 0.053994 0.915221 -1.581547 0.000000 0.000000 0.000000 1.000000
0.927805 0.002951 -0.373053 -1.153655 -0.024485 0.998294 -0.053000 89.176910 0.372260 0.058308 0.926295 -1.440145 0.000000 0.000000 0.000000 1.000000
0.928671 0.000217 -0.370905 -0.568704 -0.024971 0.997768 -0.061938 88.988281 0.370063 0.066782 0.926603 -1.237647 0.000000 0.000000 0.000000 1.000000
0.934196 -0.000254 -0.356761 -0.218942 -0.026911 0.997101 -0.071178 88.912392 0.355744 0.076095 0.931480 -1.006901 0.000000 0.000000 0.000000 1.000000
0.941572 0.000279 -0.336811 0.039057 -0.029054 0.996339 -0.080397 88.879044 0.335556 0.085485 0.938134 -0.764517 0.000000 0.000000 0.000000 1.000000</float_array>
        <technique_common>
          <accessor source="#mixamorig_Hips-Matrix-animation-output-transform-array" count="39" stride="16">
            <param type="float4x4"/>
          </accessor>
        </technique_common>
      </source>
      <source id="mixamorig_Hips-Interpolations">
        <Name_array id="mixamorig_Hips-Interpolations-array" count="39">
 LINEAR LINEAR LINEAR LINEAR LINEAR LINEAR LINEAR LINEAR LINEAR LINEAR LINEAR
LINEAR LINEAR LINEAR LINEAR LINEAR LINEAR LINEAR LINEAR LINEAR LINEAR LINEAR LINEAR
LINEAR LINEAR LINEAR LINEAR LINEAR LINEAR LINEAR LINEAR LINEAR LINEAR LINEAR LINEAR
LINEAR LINEAR LINEAR LINEAR</Name_array>
        <technique_common>
          <accessor source="#mixamorig_Hips-Interpolations-array" count="39">
            <param type="name"/>
          </accessor>
        </technique_common>
      </source>
      <sampler id="mixamorig_Hips-Matrix-animation-transform">
        <input semantic="INPUT" source="#mixamorig_Hips-Matrix-animation-input"/>
        <input semantic="OUTPUT" source="#mixamorig_Hips-Matrix-animation-output-transform"/>
        <input semantic="INTERPOLATION" source="#mixamorig_Hips-Interpolations"/>
      </sampler>
      <channel source="#mixamorig_Hips-Matrix-animation-transform" target="mixamorig_Hips/matrix"/>
    </animation>
    <animation id="mixamorig_Spine-anim" name="mixamorig_Spine">
      <source id="mixamorig_Spine-Matrix-animation-input">
        <float_array id="mixamorig_Spine-Matrix-animation-input-array" count="39">

0.000000 0.033333 0.066667 0.100000 0.133333 0.166667 0.200000 0.233333 0.266667 0.300000 0.333333 0.366667 0.400000 0.433333 0.466667 0.500000
0.533333 0.566667 0.600000 0.633333 0.666667 0.700000 0.733333 0.766667 0.800000 0.833333 0.866667 0.900000 0.933333 0.966667 1.000000 1.033333
1.066667 1.100000 1.133333 1.166667 1.200000 1.233333 1.266667</float_array>
        <technique_common>
          <accessor source="#mixamorig_Spine-Matrix-animation-input-array" count="39">
            <param name="TIME" type="float"/>
          </accessor>
        </technique_common>
      </source>
      <source id="mixamorig_Spine-Matrix-animation-output-transform">
        <float_array id="mixamorig_Spine-Matrix-animation-output-transform-array" count="624">

0.997577 -0.068214 -0.013641 0.000000 0.069052 0.994770 0.075260 9.226300 0.008436 -0.076020 0.997071 1.577100 0.000000 0.000000 0.000000 1.000000
0.997709 -0.066172 -0.014066 0.000000 0.067052 0.994872 0.075715 9.226300 0.008983 -0.076485 0.997030 1.577100 0.000000 0.000000 0.000000 1.000000
0.997813 -0.064513 -0.014396 0.000000 0.065431 0.994909 0.076649 9.226300 0.009378 -0.077424 0.996954 1.577100 0.000000 0.000000 0.000000 1.000000
0.997892 -0.063247 -0.014513 -0.000000 0.064193 0.994871 0.078170 9.226300 0.009495 -0.078937 0.996834 1.577100 0.000000 0.000000 0.000000 1.000000
0.997914 -0.063008 -0.014058 -0.000000 0.063946 0.994644 0.081209 9.226300 0.008866 -0.081939 0.996598 1.577100 0.000000 0.000000 0.000000 1.000000
0.997894 -0.063537 -0.013036 0.000000 0.064417 0.994309 0.084857 9.226300 0.007570 -0.085518 0.996308 1.577100 0.000000 0.000000 0.000000 1.000000
0.997894 -0.063794 -0.011724 0.000000 0.064567 0.994222 0.085748 9.226300 0.006186 -0.086325 0.996248 1.577100 0.000000 0.000000 0.000000 1.000000
0.997947 -0.063503 -0.008278 0.000000 0.063975 0.994423 0.083844 9.226300 0.002908 -0.084202 0.996444 1.577100 0.000000 0.000000 0.000000 1.000000
0.997974 -0.063626 -0.000532 -0.000000 0.063464 0.994759 0.080162 9.226300 -0.004571 -0.080033 0.996782 1.577100 0.000000 0.000000 0.000000 1.000000
0.997805 -0.065097 0.012167 -0.000000 0.064002 0.995105 0.075298 9.226300 -0.017009 -0.074354 0.997087 1.577100 0.000000 0.000000 0.000000 1.000000
0.997400 -0.066485 0.027812 -0.000000 0.064444 0.995550 0.068747 9.226300 -0.032259 -0.066776 0.997246 1.577100 0.000000 0.000000 0.000000 1.000000
0.997040 -0.064050 0.042538 0.000000 0.061441 0.996304 0.060024 9.226300 -0.046226 -0.057233 0.997290 1.577100 0.000000 0.000000 0.000000 1.000000
0.997179 -0.053648 0.052501 0.000000 0.051014 0.997431 0.050283 9.226300 -0.055064 -0.047462 0.997354 1.577100 0.000000 0.000000 0.000000 1.000000
0.997827 -0.035524 0.055499 0.000000 0.033180 0.998541 0.042596 9.226300 -0.056931 -0.040662 0.997550 1.577100 0.000000 0.000000 0.000000 1.000000
0.998581 -0.016216 0.050726 -0.000000 0.014207 0.999110 0.039707 9.226300 -0.051325 -0.038930 0.997923 1.577100 0.000000 0.000000 0.000000 1.000000
0.999251 0.004782 0.038388 0.000000 -0.006368 0.999127 0.041283 9.226300 -0.038157 -0.041497 0.998410 1.577100 0.000000 0.000000 0.000000 1.000000
0.999519 0.023699 0.020010 -0.000000 -0.024575 0.998696 0.044748 9.226300 -0.018923 -0.045218 0.998798 1.577100 0.000000 0.000000 0.000000 1.000000
0.999268 0.038236 -0.001114 -0.000000 -0.038140 0.998146 0.047425 9.226300 0.002925 -0.047348 0.998874 1.577100 0.000000 0.000000 0.000000 1.000000
0.998811 0.044531 -0.019849 0.000000 -0.043531 0.997887 0.048241 9.226300 0.021956 -0.047320 0.998638 1.577100 0.000000 0.000000 0.000000 1.000000
0.998713 0.040040 -0.031135 0.000000 -0.038526 0.998114 0.047794 9.226300 0.032990 -0.046533 0.998372 1.577100 0.000000 0.000000 0.000000 1.000000
0.999040 0.028700 -0.033092 0.000000 -0.027107 0.998498 0.047608 9.226300 0.034409 -0.046665 0.998318 1.577100 0.000000 0.000000 0.000000 1.000000
0.999478 0.015636 -0.028285 0.000000 -0.014242 0.998705 0.048835 9.226300 0.029012 -0.048406 0.998406 1.577100 0.000000 0.000000 0.000000 1.000000
0.999752 0.004183 -0.021876 0.000000 -0.003049 0.998661 0.051637 9.226300 0.022063 -0.051558 0.998426 1.577100 0.000000 0.000000 0.000000 1.000000
0.999825 -0.005883 -0.017740 0.000000 0.006860 0.998435 0.055509 9.226300 0.017386 -0.055621 0.998301 1.577100 0.000000 0.000000 0.000000 1.000000
0.999749 -0.015443 -0.016246 0.000000 0.016390 0.998072 0.059867 9.226300 0.015290 -0.060118 0.998074 1.577100 0.000000 0.000000 0.000000 1.000000
0.999593 -0.023984 -0.015427 -0.000000 0.024928 0.997621 0.064272 9.226300 0.013849 -0.064630 0.997813 1.577100 0.000000 0.000000 0.000000 1.000000
0.999436 -0.030761 -0.013484 0.000000 0.031614 0.997152 0.068470 9.226300 0.011340 -0.068858 0.997562 1.577100 0.000000 0.000000 0.000000 1.000000
0.999287 -0.036358 -0.010179 0.000000 0.037000 0.996697 0.072289 9.226300 0.007517 -0.072614 0.997332 1.577100 0.000000 0.000000 0.000000 1.000000
0.999056 -0.042953 -0.006427 0.000000 0.043316 0.996212 0.075405 9.226300 0.003163 -0.075612 0.997132 1.577100 0.000000 0.000000 0.000000 1.000000
0.998707 -0.050713 -0.003476 -0.000000 0.050830 0.995708 0.077349 9.226300 -0.000461 -0.077425 0.996998 1.577100 0.000000 0.000000 0.000000 1.000000
0.998244 -0.059200 -0.002288 -0.000000 0.059198 0.995208 0.077825 9.226300 -0.002330 -0.077824 0.996964 1.577100 0.000000 0.000000 0.000000 1.000000
0.997829 -0.065767 -0.003413 0.000000 0.065834 0.994846 0.077120 9.226300 -0.001676 -0.077177 0.997016 1.577100 0.000000 0.000000 0.000000 1.000000
0.997491 -0.070495 -0.006474 0.000000 0.070783 0.994588 0.076051 9.226300 0.001077 -0.076319 0.997083 1.577100 0.000000 0.000000 0.000000 1.000000
0.997237 -0.073591 -0.010109 0.000000 0.074146 0.994395 0.075368 9.226300 0.004506 -0.075909 0.997105 1.577100 0.000000 0.000000 0.000000 1.000000
0.997079 -0.075320 -0.012689 0.000000 0.076065 0.994263 0.075197 9.226300 0.006952 -0.075943 0.997088 1.577100 0.000000 0.000000 0.000000 1.000000
0.997074 -0.075231 -0.013542 0.000000 0.076040 0.994271 0.075124 9.226300 0.007813 -0.075934 0.997082 1.577100 0.000000 0.000000 0.000000 1.000000
0.997248 -0.072937 -0.013254 0.000000 0.073728 0.994472 0.074765 9.226300 0.007727 -0.075536 0.997113 1.577100 0.000000 0.000000 0.000000 1.000000
0.997419 -0.070556 -0.013331 0.000000 0.071361 0.994626 0.075008 9.226300 0.007967 -0.075766 0.997094 1.577100 0.000000 0.000000 0.000000 1.000000
0.997577 -0.068214 -0.013641 0.000000 0.069052 0.994770 0.075260 9.226300 0.008436 -0.076020 0.997071 1.577100 0.000000 0.000000 0.000000 1.000000</float_array>
        <technique_common>
          <accessor source="#mixamorig_Spine-Matrix-animation-output-transform-array" count="39" stride="16">
            <param type="float4x4"/>
          </accessor>
        </technique_common>
      </source>
      <source id="mixamorig_Spine-Interpolations">
        <Name_array id="mixamorig_Spine-Interpolations-array" count="39">
 LINEAR LINEAR LINEAR LINEAR LINEAR LINEAR LINEAR LINEAR LINEAR LINEAR LINEAR
LINEAR LINEAR LINEAR LINEAR LINEAR LINEAR LINEAR LINEAR LINEAR LINEAR LINEAR LINEAR
LINEAR LINEAR LINEAR LINEAR LINEAR LINEAR LINEAR LINEAR LINEAR LINEAR LINEAR LINEAR
LINEAR LINEAR LINEAR LINEAR</Name_array>
        <technique_common>
          <accessor source="#mixamorig_Spine-Interpolations-array" count="39">
            <param type="name"/>
          </accessor>
        </technique_common>
      </source>
      <sampler id="mixamorig_Spine-Matrix-animation-transform">
        <input semantic="INPUT" source="#mixamorig_Spine-Matrix-animation-input"/>
        <input semantic="OUTPUT" source="#mixamorig_Spine-Matrix-animation-output-transform"/>
        <input semantic="INTERPOLATION" source="#mixamorig_Spine-Interpolations"/>
      </sampler>
      <channel source="#mixamorig_Spine-Matrix-animation-transform" target="mixamorig_Spine/matrix"/>
    </animation>
    <animation id="mixamorig_Spine1-anim" name="mixamorig_Spine1">
      <source id="mixamorig_Spine1-Matrix-animation-input">
        <float_array id="mixamorig_Spine1-Matrix-animation-input-array" count="39">

0.000000 0.033333 0.066667 0.100000 0.133333 0.166667 0.200000 0.233333 0.266667 0.300000 0.333333 0.366667 0.400000 0.433333 0.466667 0.500000
0.533333 0.566667 0.600000 0.633333 0.666667 0.700000 0.733333 0.766667 0.800000 0.833333 0.866667 0.900000 0.933333 0.966667 1.000000 1.033333
1.066667 1.100000 1.133333 1.166667 1.200000 1.233333 1.266667</float_array>
        <technique_common>
          <accessor source="#mixamorig_Spine1-Matrix-animation-input-array" count="39">
            <param name="TIME" type="float"/>
          </accessor>
        </technique_common>
      </source>
      <source id="mixamorig_Spine1-Matrix-animation-output-transform">
        <float_array id="mixamorig_Spine1-Matrix-animation-output-transform-array" count="624">

0.998416 -0.048381 -0.028714 0.000000 0.051520 0.991298 0.121139 16.254900 0.022603 -0.122427 0.992220 0.000000 0.000000 0.000000 0.000000 1.000000
0.998474 -0.046686 -0.029493 0.000000 0.049965 0.991205 0.122538 16.254900 0.023513 -0.123824 0.992026 -0.000000 0.000000 0.000000 0.000000 1.000000
0.998543 -0.044808 -0.030077 0.000000 0.048223 0.991038 0.124575 16.254900 0.024225 -0.125844 0.991754 0.000000 0.000000 0.000000 0.000000 1.000000
0.998626 -0.042864 -0.030145 0.000000 0.046370 0.990779 0.127310 16.254900 0.024410 -0.128533 0.991405 0.000000 0.000000 0.000000 0.000000 1.000000
0.998755 -0.040743 -0.028795 0.000000 0.044200 0.990275 0.131913 16.254900 0.023141 -0.133021 0.990843 0.000000 0.000000 0.000000 0.000000 1.000000
0.998938 -0.037390 -0.026915 0.000000 0.040691 0.990019 0.134931 16.254900 0.021601 -0.135883 0.990489 0.000000 0.000000 0.000000 0.000000 1.000000
0.999160 -0.033429 -0.023690 -0.000000 0.036302 0.990378 0.133544 16.254900 0.018997 -0.134292 0.990760 0.000000 0.000000 0.000000 0.000000 1.000000
0.999402 -0.030851 -0.015627 -0.000000 0.032607 0.991163 0.128581 16.254900 0.011522 -0.129014 0.991576 -0.000000 0.000000 0.000000 0.000000 1.000000
0.999502 -0.031543 0.000266 0.000000 0.031272 0.991973 0.122524 16.254900 -0.004128 -0.122454 0.992466 0.000000 0.000000 0.000000 0.000000 1.000000
0.999078 -0.035896 0.023530 0.000000 0.032892 0.992522 0.117552 16.254900 -0.027574 -0.116670 0.992788 -0.000000 0.000000 0.000000 0.000000 1.000000
0.997872 -0.042592 0.049375 0.000000 0.036735 0.992801 0.114001 16.254900 -0.053875 -0.111945 0.992253 0.000000 0.000000 0.000000 0.000000 1.000000
0.996272 -0.049023 0.070983 -0.000000 0.040981 0.993017 0.110624 16.254900 -0.075911 -0.107302 0.991324 -0.000000 0.000000 0.000000 0.000000 1.000000
0.995239 -0.051226 0.082917 -0.000000 0.042274 0.993431 0.106339 16.254900 -0.087820 -0.102327 0.990867 0.000000 0.000000 0.000000 0.000000 1.000000
0.995576 -0.045459 0.082227 -0.000000 0.036977 0.994108 0.101894 16.254900 -0.086375 -0.098403 0.991391 -0.000000 0.000000 0.000000 0.000000 1.000000
0.997210 -0.031655 0.067602 -0.000000 0.024858 0.994765 0.099124 16.254900 -0.070386 -0.097167 0.992776 0.000000 0.000000 0.000000 0.000000 1.000000
0.999104 -0.014890 0.039622 0.000000 0.010923 0.995074 0.098527 16.254900 -0.040894 -0.098006 0.994345 -0.000000 0.000000 0.000000 0.000000 1.000000
0.999992 -0.003271 0.002441 0.000000 0.003016 0.995185 0.097967 16.254900 -0.002750 -0.097958 0.995187 0.000000 0.000000 0.000000 0.000000 1.000000
0.999355 -0.001457 -0.035876 -0.000000 0.004862 0.995464 0.095011 16.254900 0.035575 -0.095124 0.994830 -0.000000 0.000000 0.000000 0.000000 1.000000
0.997774 -0.007312 -0.066283 0.000000 0.013287 0.995840 0.090150 16.254900 0.065348 -0.090830 0.993720 0.000000 0.000000 0.000000 0.000000 1.000000
0.996455 -0.014573 -0.082855 0.000000 0.021757 0.996016 0.086478 16.254900 0.081264 -0.087974 0.992802 0.000000 0.000000 0.000000 0.000000 1.000000
0.996198 -0.019146 -0.084987 0.000000 0.026481 0.995940 0.086039 16.254900 0.082995 -0.087962 0.992660 0.000000 0.000000 0.000000 0.000000 1.000000
0.996796 -0.022349 -0.076806 -0.000000 0.029114 0.995685 0.088115 16.254900 0.074505 -0.090068 0.993145 0.000000 0.000000 0.000000 0.000000 1.000000
0.997516 -0.027624 -0.064794 0.000000 0.033490 0.995264 0.091263 16.254900 0.061966 -0.093206 0.993717 0.000000 0.000000 0.000000 0.000000 1.000000
0.997879 -0.035518 -0.054555 -0.000000 0.040603 0.994637 0.095123 16.254900 0.050884 -0.097136 0.993970 -0.000000 0.000000 0.000000 0.000000 1.000000
0.997921 -0.042970 -0.048033 0.000000 0.047609 0.993845 0.100031 16.254900 0.043439 -0.102109 0.993824 0.000000 0.000000 0.000000 0.000000 1.000000
0.997936 -0.047356 -0.043367 0.000000 0.051730 0.993015 0.106040 16.254900 0.038043 -0.108065 0.993416 0.000000 0.000000 0.000000 0.000000 1.000000
0.998066 -0.049414 -0.037726 0.000000 0.053381 0.992200 0.112651 16.254900 0.031865 -0.114447 0.992918 0.000000 0.000000 0.000000 0.000000 1.000000
0.998205 -0.051654 -0.030295 0.000000 0.054913 0.991373 0.119013 16.254900 0.023886 -0.120463 0.992430 -0.000000 0.000000 0.000000 0.000000 1.000000
0.998222 -0.055142 -0.022635 0.000000 0.057536 0.990593 0.124160 16.254900 0.015575 -0.125242 0.992004 0.000000 0.000000 0.000000 0.000000 1.000000
0.998141 -0.058555 -0.016927 0.000000 0.060237 0.990047 0.127192 16.254900 0.009311 -0.127975 0.991734 0.000000 0.000000 0.000000 0.000000 1.000000
0.998097 -0.059910 -0.014619 0.000000 0.061289 0.989924 0.127645 16.254900 0.006824 -0.128298 0.991712 0.000000 0.000000 0.000000 0.000000 1.000000
0.998160 -0.058446 -0.016143 0.000000 0.060018 0.990221 0.125937 16.254900 0.008625 -0.126674 0.991907 0.000000 0.000000 0.000000 0.000000 1.000000
0.998258 -0.055280 -0.020637 0.000000 0.057411 0.990704 0.123327 16.254900 0.013628 -0.124297 0.992151 -0.000000 0.000000 0.000000 0.000000 1.000000
0.998299 -0.052293 -0.025767 0.000000 0.055043 0.991107 0.121146 16.254900 0.019203 -0.122359 0.992300 0.000000 0.000000 0.000000 0.000000 1.000000
0.998288 -0.050807 -0.028973 0.000000 0.053934 0.991311 0.119975 16.254900 0.022625 -0.121332 0.992354 -0.000000 0.000000 0.000000 0.000000 1.000000
0.998282 -0.050694 -0.029385 0.000000 0.053861 0.991367 0.119546 16.254900 0.023071 -0.120924 0.992394 0.000000 0.000000 0.000000 0.000000 1.000000
0.998311 -0.050804 -0.028173 -0.000000 0.053819 0.991394 0.119340 16.254900 0.021867 -0.120655 0.992454 0.000000 0.000000 0.000000 0.000000 1.000000
0.998363 -0.049776 -0.028170 -0.000000 0.052816 0.991349 0.120153 16.254900 0.021946 -0.121445 0.992356 0.000000 0.000000 0.000000 0.000000 1.000000
0.998416 -0.048381 -0.028714 0.000000 0.051520 0.991298 0.121139 16.254900 0.022603 -0.122427 0.992220 0.000000 0.000000 0.000000 0.000000 1.000000</float_array>
        <technique_common>
          <accessor source="#mixamorig_Spine1-Matrix-animation-output-transform-array" count="39" stride="16">
            <param type="float4x4"/>
          </accessor>
        </technique_common>
      </source>
      <source id="mixamorig_Spine1-Interpolations">
        <Name_array id="mixamorig_Spine1-Interpolations-array" count="39">
 LINEAR LINEAR LINEAR LINEAR LINEAR LINEAR LINEAR LINEAR LINEAR LINEAR LINEAR
LINEAR LINEAR LINEAR LINEAR LINEAR LINEAR LINEAR LINEAR LINEAR LINEAR LINEAR LINEAR
LINEAR LINEAR LINEAR LINEAR LINEAR LINEAR LINEAR LINEAR LINEAR LINEAR LINEAR LINEAR
LINEAR LINEAR LINEAR LINEAR</Name_array>
        <technique_common>
          <accessor source="#mixamorig_Spine1-Interpolations-array" count="39">
            <param type="name"/>
          </accessor>
        </technique_common>
      </source>
      <sampler id="mixamorig_Spine1-Matrix-animation-transform">
        <input semantic="INPUT" source="#mixamorig_Spine1-Matrix-animation-input"/>
        <input semantic="OUTPUT" source="#mixamorig_Spine1-Matrix-animation-output-transform"/>
        <input semantic="INTERPOLATION" source="#mixamorig_Spine1-Interpolations"/>
      </sampler>
      <channel source="#mixamorig_Spine1-Matrix-animation-transform" target="mixamorig_Spine1/matrix"/>
    </animation>
    <animation id="mixamorig_Spine2-anim" name="mixamorig_Spine2">
      <source id="mixamorig_Spine2-Matrix-animation-input">
        <float_array id="mixamorig_Spine2-Matrix-animation-input-array" count="39">

0.000000 0.033333 0.066667 0.100000 0.133333 0.166667 0.200000 0.233333 0.266667 0.300000 0.333333 0.366667 0.400000 0.433333 0.466667 0.500000
0.533333 0.566667 0.600000 0.633333 0.666667 0.700000 0.733333 0.766667 0.800000 0.833333 0.866667 0.900000 0.933333 0.966667 1.000000 1.033333
1.066667 1.100000 1.133333 1.166667 1.200000 1.233333 1.266667</float_array>
        <technique_common>
          <accessor source="#mixamorig_Spine2-Matrix-animation-input-array" count="39">
            <param name="TIME" type="float"/>
          </accessor>
        </technique_common>
      </source>
      <source id="mixamorig_Spine2-Matrix-animation-output-transform">
        <float_array id="mixamorig_Spine2-Matrix-animation-output-transform-array" count="624">

0.998465 -0.051159 -0.021233 0.000000 0.049927 0.997238 -0.054990 13.700700 0.023988 0.053846 0.998261 -0.000000 0.000000 0.000000 0.000000 1.000000
0.998523 -0.049550 -0.022306 0.000000 0.048295 0.997389 -0.053695 13.700700 0.024909 0.052538 0.998308 0.000000 0.000000 0.000000 0.000000 1.000000
0.998593 -0.047669 -0.023213 0.000000 0.046418 0.997581 -0.051736 13.700700 0.025624 0.050586 0.998391 0.000000 0.000000 0.000000 0.000000 1.000000
0.998683 -0.045558 -0.023611 0.000000 0.044359 0.997812 -0.049033 13.700700 0.025793 0.047921 0.998518 0.000000 0.000000 0.000000 0.000000 1.000000
0.998826 -0.042822 -0.022636 0.000000 0.041787 0.998141 -0.044372 13.700700 0.024494 0.043374 0.998759 0.000000 0.000000 0.000000 0.000000 1.000000
0.999012 -0.039046 -0.021233 -0.000000 0.038143 0.998414 -0.041415 13.700700 0.022816 0.040565 0.998916 0.000000 0.000000 0.000000 0.000000 1.000000
0.999226 -0.034691 -0.018551 0.000000 0.033868 0.998502 -0.042978 13.700700 0.020014 0.042317 0.998904 0.000000 0.000000 0.000000 0.000000 1.000000
0.999459 -0.031033 -0.010856 0.000000 0.030478 0.998378 -0.048089 13.700700 0.012331 0.047732 0.998784 -0.000000 0.000000 0.000000 0.000000 1.000000
0.999558 -0.029293 0.005009 0.000000 0.029522 0.998102 -0.054053 13.700700 -0.003416 0.054177 0.998525 0.000000 0.000000 0.000000 0.000000 1.000000
0.999144 -0.029931 0.028543 0.000000 0.031561 0.997789 -0.058494 13.700700 -0.026729 0.059345 0.997880 0.000000 0.000000 0.000000 0.000000 1.000000
0.997966 -0.032596 0.054779 0.000000 0.035927 0.997493 -0.060966 13.700700 -0.052654 0.062810 0.996636 0.000000 0.000000 0.000000 0.000000 1.000000
0.996406 -0.036010 0.076674 0.000000 0.040877 0.997184 -0.062881 13.700700 -0.074193 0.065790 0.995071 0.000000 0.000000 0.000000 0.000000 1.000000
0.995390 -0.037129 0.088428 0.000000 0.043046 0.996892 -0.065976 13.700700 -0.085704 0.069478 0.993895 -0.000000 0.000000 0.000000 0.000000 1.000000
0.995705 -0.032382 0.086732 -0.000000 0.038549 0.996774 -0.070395 13.700700 -0.084173 0.073436 0.993741 0.000000 0.000000 0.000000 0.000000 1.000000
0.997294 -0.021395 0.070327 0.000000 0.026648 0.996856 -0.074623 13.700700 -0.068510 0.076295 0.994729 0.000000 0.000000 0.000000 0.000000 1.000000
0.999141 -0.008876 0.040486 -0.000000 0.011995 0.996924 -0.077446 13.700700 -0.039674 0.077865 0.996174 0.000000 0.000000 0.000000 0.000000 1.000000
0.999994 -0.002557 0.002365 0.000000 0.002738 0.996812 -0.079736 13.700700 -0.002154 0.079742 0.996813 0.000000 0.000000 0.000000 0.000000 1.000000
0.999349 -0.006374 -0.035508 -0.000000 0.003399 0.996525 -0.083226 13.700700 0.035915 0.083051 0.995898 0.000000 0.000000 0.000000 0.000000 1.000000
0.997768 -0.017008 -0.064571 0.000000 0.011301 0.996079 -0.087748 13.700700 0.065810 0.086822 0.994048 0.000000 0.000000 0.000000 0.000000 1.000000
0.996439 -0.027053 -0.079862 0.000000 0.019735 0.995652 -0.091035 13.700700 0.081977 0.089135 0.992640 -0.000000 0.000000 0.000000 0.000000 1.000000
0.996175 -0.032024 -0.081301 0.000000 0.024535 0.995503 -0.091496 13.700700 0.083866 0.089151 0.992481 0.000000 0.000000 0.000000 0.000000 1.000000
0.996779 -0.033849 -0.072703 0.000000 0.027272 0.995602 -0.089621 13.700700 0.075416 0.087350 0.993319 0.000000 0.000000 0.000000 0.000000 1.000000
0.997510 -0.037121 -0.059960 0.000000 0.031860 0.995748 -0.086432 13.700700 0.062913 0.084307 0.994452 -0.000000 0.000000 0.000000 0.000000 1.000000
0.997879 -0.043327 -0.048585 0.000000 0.039235 0.995841 -0.082233 13.700700 0.051946 0.080152 0.995428 0.000000 0.000000 0.000000 0.000000 1.000000
0.997924 -0.049649 -0.041015 0.000000 0.046388 0.995954 -0.076969 13.700700 0.044671 0.074907 0.996189 0.000000 0.000000 0.000000 0.000000 1.000000
0.997946 -0.053100 -0.035830 0.000000 0.050467 0.996214 -0.070784 13.700700 0.039453 0.068830 0.996848 0.000000 0.000000 0.000000 0.000000 1.000000
0.998089 -0.053966 -0.030084 0.000000 0.051954 0.996593 -0.064058 13.700700 0.033439 0.062373 0.997493 -0.000000 0.000000 0.000000 0.000000 1.000000
0.998251 -0.054666 -0.022520 -0.000000 0.053298 0.996927 -0.057408 13.700700 0.025589 0.056108 0.998097 0.000000 0.000000 0.000000 0.000000 1.000000
0.998294 -0.056572 -0.014464 0.000000 0.055755 0.997102 -0.051757 13.700700 0.017350 0.050862 0.998555 0.000000 0.000000 0.000000 0.000000 1.000000
0.998236 -0.058794 -0.008277 0.000000 0.058329 0.997133 -0.048195 13.700700 0.011087 0.047627 0.998804 -0.000000 0.000000 0.000000 0.000000 1.000000
0.998202 -0.059672 -0.005731 0.000000 0.059335 0.997110 -0.047441 13.700700 0.008545 0.047015 0.998858 0.000000 0.000000 0.000000 0.000000 1.000000
0.998257 -0.058552 -0.007401 0.000000 0.058119 0.997097 -0.049196 13.700700 0.010260 0.048680 0.998762 0.000000 0.000000 0.000000 0.000000 1.000000
0.998336 -0.056346 -0.012276 -0.000000 0.055635 0.997090 -0.052112 13.700700 0.015177 0.051342 0.998566 -0.000000 0.000000 0.000000 0.000000 1.000000
0.998359 -0.054435 -0.017752 0.000000 0.053394 0.997078 -0.054639 13.700700 0.020675 0.053602 0.998348 0.000000 0.000000 0.000000 0.000000 1.000000
0.998338 -0.053622 -0.021096 -0.000000 0.052370 0.997056 -0.056007 13.700700 0.024038 0.054809 0.998207 0.000000 0.000000 0.000000 0.000000 1.000000
0.998330 -0.053620 -0.021485 0.000000 0.052335 0.997032 -0.056458 13.700700 0.024448 0.055239 0.998174 0.000000 0.000000 0.000000 0.000000 1.000000
0.998361 -0.053521 -0.020268 0.000000 0.052300 0.997025 -0.056626 13.700700 0.023238 0.055473 0.998190 0.000000 0.000000 0.000000 0.000000 1.000000
0.998413 -0.052477 -0.020449 0.000000 0.051264 0.997121 -0.055877 13.700700 0.023323 0.054740 0.998228 0.000000 0.000000 0.000000 0.000000 1.000000
0.998465 -0.051159 -0.021233 0.000000 0.049927 0.997238 -0.054990 13.700700 0.023988 0.053846 0.998261 -0.000000 0.000000 0.000000 0.000000 1.000000</float_array>
        <technique_common>
          <accessor source="#mixamorig_Spine2-Matrix-animation-output-transform-array" count="39" stride="16">
            <param type="float4x4"/>
          </accessor>
        </technique_common>
      </source>
      <source id="mixamorig_Spine2-Interpolations">
        <Name_array id="mixamorig_Spine2-Interpolations-array" count="39">
 LINEAR LINEAR LINEAR LINEAR LINEAR LINEAR LINEAR LINEAR LINEAR LINEAR LINEAR
LINEAR LINEAR LINEAR LINEAR LINEAR LINEAR LINEAR LINEAR LINEAR LINEAR LINEAR LINEAR
LINEAR LINEAR LINEAR LINEAR LINEAR LINEAR LINEAR LINEAR LINEAR LINEAR LINEAR LINEAR
LINEAR LINEAR LINEAR LINEAR</Name_array>
        <technique_common>
          <accessor source="#mixamorig_Spine2-Interpolations-array" count="39">
            <param type="name"/>
          </accessor>
        </technique_common>
      </source>
      <sampler id="mixamorig_Spine2-Matrix-animation-transform">
        <input semantic="INPUT" source="#mixamorig_Spine2-Matrix-animation-input"/>
        <input semantic="OUTPUT" source="#mixamorig_Spine2-Matrix-animation-output-transform"/>
        <input semantic="INTERPOLATION" source="#mixamorig_Spine2-Interpolations"/>
      </sampler>
      <channel source="#mixamorig_Spine2-Matrix-animation-transform" target="mixamorig_Spine2/matrix"/>
    </animation>
    <animation id="mixamorig_Neck-anim" name="mixamorig_Neck">
      <source id="mixamorig_Neck-Matrix-animation-input">
        <float_array id="mixamorig_Neck-Matrix-animation-input-array" count="39">

0.000000 0.033333 0.066667 0.100000 0.133333 0.166667 0.200000 0.233333 0.266667 0.300000 0.333333 0.366667 0.400000 0.433333 0.466667 0.500000
0.533333 0.566667 0.600000 0.633333 0.666667 0.700000 0.733333 0.766667 0.800000 0.833333 0.866667 0.900000 0.933333 0.966667 1.000000 1.033333
1.066667 1.100000 1.133333 1.166667 1.200000 1.233333 1.266667</float_array>
        <technique_common>
          <accessor source="#mixamorig_Neck-Matrix-animation-input-array" count="39">
            <param name="TIME" type="float"/>
          </accessor>
        </technique_common>
      </source>
      <source id="mixamorig_Neck-Matrix-animation-output-transform">
        <float_array id="mixamorig_Neck-Matrix-animation-output-transform-array" count="624">

0.998328 0.057385 -0.006891 0.000000 -0.057550 0.975927 -0.210365 13.877500 -0.005347 0.210410 0.977599 -4.354200 0.000000 0.000000 0.000000 1.000000
0.998407 0.055505 -0.010090 0.000000 -0.056386 0.976168 -0.209564 13.877500 -0.001782 0.209799 0.977743 -4.354200 0.000000 0.000000 0.000000 1.000000
0.998467 0.053737 -0.013291 0.000000 -0.055330 0.976262 -0.209404 13.877500 0.001723 0.209819 0.977739 -4.354200 0.000000 0.000000 0.000000 1.000000
0.998505 0.052142 -0.016423 0.000000 -0.054428 0.976253 -0.209686 13.877500 0.005100 0.210266 0.977631 -4.354200 0.000000 0.000000 0.000000 1.000000
0.998534 0.050614 -0.019188 0.000000 -0.053524 0.976101 -0.210623 13.877500 0.008069 0.211341 0.977379 -4.354200 0.000000 0.000000 0.000000 1.000000
0.998463 0.050733 -0.022296 0.000000 -0.054275 0.976489 -0.208623 13.877500 0.011188 0.209512 0.977742 -4.354200 0.000000 0.000000 0.000000 1.000000
0.998273 0.052739 -0.025866 -0.000000 -0.056904 0.977510 -0.203066 13.877500 0.014575 0.204188 0.978823 -4.354200 0.000000 0.000000 0.000000 1.000000
0.997995 0.055605 -0.030238 0.000000 -0.060468 0.978763 -0.195873 13.877500 0.018705 0.197308 0.980163 -4.354200 0.000000 0.000000 0.000000 1.000000
0.997703 0.058584 -0.033997 0.000000 -0.064002 0.979689 -0.190035 13.877500 0.022174 0.191774 0.981189 -4.354200 0.000000 0.000000 0.000000 1.000000
0.997439 0.062889 -0.034055 0.000000 -0.068176 0.979967 -0.187127 13.877500 0.021604 0.188969 0.981745 -4.354200 0.000000 0.000000 0.000000 1.000000
0.997146 0.070349 -0.027383 0.000000 -0.074234 0.979685 -0.186299 13.877500 0.013721 0.187800 0.982111 -4.354200 0.000000 0.000000 0.000000 1.000000
0.996714 0.079936 -0.013077 0.000000 -0.080972 0.979178 -0.186156 13.877500 -0.002076 0.186603 0.982433 -4.354200 0.000000 0.000000 0.000000 1.000000
0.996202 0.086826 0.006580 0.000000 -0.084072 0.978773 -0.186910 13.877500 -0.022669 0.185646 0.982355 -4.354200 0.000000 0.000000 0.000000 1.000000
0.995937 0.086095 0.026410 0.000000 -0.079556 0.978563 -0.189960 13.877500 -0.042199 0.187087 0.981437 -4.354200 0.000000 0.000000 0.000000 1.000000
0.996187 0.077492 0.040090 0.000000 -0.068215 0.978256 -0.195861 13.877500 -0.054396 0.192380 0.979812 -4.354200 0.000000 0.000000 0.000000 1.000000
0.996848 0.066486 0.043280 0.000000 -0.056372 0.977506 -0.203233 13.877500 -0.055819 0.200153 0.978173 -4.354200 0.000000 0.000000 0.000000 1.000000
0.997509 0.060319 0.036573 0.000000 -0.051383 0.976534 -0.209142 13.877500 -0.048330 0.206742 0.977201 -4.354200 0.000000 0.000000 0.000000 1.000000
0.997726 0.062371 0.025538 -0.000000 -0.055617 0.975964 -0.210717 13.877500 -0.038066 0.208817 0.977213 -4.354200 0.000000 0.000000 0.000000 1.000000
0.997415 0.069836 0.016922 -0.000000 -0.064820 0.976068 -0.207578 13.877500 -0.031013 0.205945 0.978072 -4.354200 0.000000 0.000000 0.000000 1.000000
0.996953 0.076750 0.013906 -0.000000 -0.072358 0.976595 -0.202552 13.877500 -0.029127 0.200929 0.979173 -4.354200 0.000000 0.000000 0.000000 1.000000
0.996742 0.079286 0.014781 -0.000000 -0.074774 0.977128 -0.199072 13.877500 -0.030227 0.197318 0.979873 -4.354200 0.000000 0.000000 0.000000 1.000000
0.996810 0.078199 0.015980 -0.000000 -0.073502 0.977419 -0.198116 13.877500 -0.031111 0.196309 0.980048 -4.354200 0.000000 0.000000 0.000000 1.000000
0.996942 0.076530 0.015801 0.000000 -0.071902 0.977553 -0.198043 13.877500 -0.030603 0.196301 0.980066 -4.354200 0.000000 0.000000 0.000000 1.000000
0.997001 0.075909 0.015068 0.000000 -0.071470 0.977798 -0.196985 13.877500 -0.029687 0.195317 0.980291 -4.354200 0.000000 0.000000 0.000000 1.000000
0.997015 0.075735 0.015029 0.000000 -0.071368 0.978213 -0.194953 13.877500 -0.029466 0.193298 0.980698 -4.354200 0.000000 0.000000 0.000000 1.000000
0.997046 0.075194 0.015633 0.000000 -0.070761 0.978517 -0.193641 13.877500 -0.029858 0.191963 0.980948 -4.354200 0.000000 0.000000 0.000000 1.000000
0.997087 0.074592 0.015938 0.000000 -0.070079 0.978362 -0.194670 13.877500 -0.030114 0.192986 0.980739 -4.354200 0.000000 0.000000 0.000000 1.000000
0.997110 0.074392 0.015407 0.000000 -0.069876 0.977645 -0.198311 13.877500 -0.029815 0.196661 0.980018 -4.354200 0.000000 0.000000 0.000000 1.000000
0.997154 0.074008 0.014361 -0.000000 -0.069551 0.976595 -0.203529 13.877500 -0.029088 0.201951 0.978964 -4.354200 0.000000 0.000000 0.000000 1.000000
0.997291 0.072334 0.013377 -0.000000 -0.067962 0.975605 -0.208749 13.877500 -0.028150 0.207274 0.977878 -4.354200 0.000000 0.000000 0.000000 1.000000
0.997523 0.069194 0.012621 0.000000 -0.064940 0.974973 -0.212626 13.877500 -0.027018 0.211279 0.977052 -4.354200 0.000000 0.000000 0.000000 1.000000
0.997770 0.065703 0.011762 -0.000000 -0.061654 0.974723 -0.214742 13.877500 -0.025574 0.213538 0.976600 -4.354200 0.000000 0.000000 0.000000 1.000000
0.997946 0.063235 0.010282 0.000000 -0.059532 0.974610 -0.215852 13.877500 -0.023670 0.214796 0.976372 -4.354200 0.000000 0.000000 0.000000 1.000000
0.998024 0.062338 0.007898 0.000000 -0.059144 0.974378 -0.217001 13.877500 -0.021223 0.216105 0.976139 -4.354200 0.000000 0.000000 0.000000 1.000000
0.998036 0.062454 0.004846 -0.000000 -0.059898 0.974100 -0.218041 13.877500 -0.018338 0.217323 0.975927 -4.354200 0.000000 0.000000 0.000000 1.000000
0.998051 0.062380 0.001761 0.000000 -0.060505 0.974190 -0.217470 13.877500 -0.015281 0.216940 0.976065 -4.354200 0.000000 0.000000 0.000000 1.000000
0.998127 0.061167 -0.000853 0.000000 -0.059930 0.974952 -0.214191 13.877500 -0.012270 0.213841 0.976792 -4.354200 0.000000 0.000000 0.000000 1.000000
0.998233 0.059293 -0.003786 -0.000000 -0.058747 0.975518 -0.211929 13.877500 -0.008873 0.211777 0.977278 -4.354200 0.000000 0.000000 0.000000 1.000000
0.998328 0.057385 -0.006891 0.000000 -0.057550 0.975927 -0.210365 13.877500 -0.005347 0.210410 0.977599 -4.354200 0.000000 0.000000 0.000000 1.000000</float_array>
        <technique_common>
          <accessor source="#mixamorig_Neck-Matrix-animation-output-transform-array" count="39" stride="16">
            <param type="float4x4"/>
          </accessor>
        </technique_common>
      </source>
      <source id="mixamorig_Neck-Interpolations">
