<?xml version="1.0" encoding="utf-8"?>
<COLLADA xmlns="http://www.collada.org/2005/11/COLLADASchema" version="1.4.1">
  <asset>
    <contributor>
      <author>Mixamo</author>
      <authoring_tool>COLLADA Mixamo exporter</authoring_tool>
      <comments/>
    </contributor>
    <created>2023-03-01T09:26:54Z</created>
    <modified>2023-03-01T09:26:54Z</modified>
    <revision/>
    <title/>
    <unit meter="0.010000"/>
    <up_axis>Y_UP</up_axis>
  </asset>
  <library_animations>
    <animation id="mixamorig_Hips-anim" name="mixamorig_Hips">
      <source id="mixamorig_Hips-Matrix-animation-input">
        <float_array id="mixamorig_Hips-Matrix-animation-input-array" count="27">

0.000000 0.033333 0.066667 0.100000 0.133333 0.166667 0.200000 0.233333 0.266667 0.300000 0.333333 0.366667 0.400000 0.433333 0.466667 0.500000
0.533333 0.566667 0.600000 0.633333 0.666667 0.700000 0.733333 0.766667 0.800000 0.833333 0.866667</float_array>
        <technique_common>
          <accessor source="#mixamorig_Hips-Matrix-animation-input-array" count="27">
            <param name="TIME" type="float"/>
          </accessor>
        </technique_common>
      </source>
      <source id="mixamorig_Hips-Matrix-animation-output-transform">
        <float_array id="mixamorig_Hips-Matrix-animation-output-transform-array" count="432">

0.875927 -0.037832 -0.480957 0.205872 -0.029575 0.990835 -0.131800 97.364319 0.481536 0.129672 0.866781 -0.672124 0.000000 0.000000 0.000000 1.000000
0.886341 -0.034731 -0.461729 0.199886 -0.033331 0.989810 -0.138436 97.100739 0.461832 0.138091 0.876152 -0.902922 0.000000 0.000000 0.000000 1.000000
0.910068 -0.028684 -0.413464 0.138801 -0.034781 0.988797 -0.145155 96.852348 0.412996 0.146482 0.898876 -0.932668 0.000000 0.000000 0.000000 1.000000
0.954547 -0.016005 -0.297632 -0.110667 -0.030720 0.987957 -0.151650 96.697601 0.296474 0.153901 0.942559 -0.507873 0.000000 0.000000 0.000000 1.000000
0.994168 0.002799 -0.107809 -0.539594 -0.019611 0.987687 -0.155208 96.690086 0.106047 0.156417 0.981981 0.352196 0.000000 0.000000 0.000000 1.000000
0.995480 0.021132 0.092594 -0.850674 -0.006718 0.988158 -0.153295 96.648384 -0.094737 0.151980 0.983833 1.215402 0.000000 0.000000 0.000000 1.000000
0.963895 0.033343 0.264188 -0.899790 0.005834 0.989247 -0.146140 96.438522 -0.266220 0.142405 0.953335 1.827593 0.000000 0.000000 0.000000 1.000000
0.925290 0.035552 0.377591 -0.783729 0.017293 0.990606 -0.135646 96.117950 -0.378866 0.132041 0.915983 2.074524 0.000000 0.000000 0.000000 1.000000
0.902640 0.028884 0.429425 -0.675650 0.027399 0.991865 -0.124307 95.882996 -0.429522 0.123971 0.894506 2.042154 0.000000 0.000000 0.000000 1.000000
0.898209 0.018601 0.439175 -0.618640 0.035342 0.992814 -0.114332 95.843140 -0.438145 0.118215 0.891097 1.915948 0.000000 0.000000 0.000000 1.000000
0.900859 0.010584 0.433983 -0.605245 0.039706 0.993503 -0.106651 95.918510 -0.432292 0.113309 0.894586 1.857409 0.000000 0.000000 0.000000 1.000000
0.902088 0.008378 0.431470 -0.622659 0.039328 0.994055 -0.101526 96.022308 -0.429756 0.108555 0.896396 1.965805 0.000000 0.000000 0.000000 1.000000
0.902479 0.012209 0.430560 -0.621775 0.034149 0.994424 -0.099777 96.141693 -0.429377 0.104750 0.897030 2.257119 0.000000 0.000000 0.000000 1.000000
0.908209 0.019179 0.418077 -0.516458 0.025833 0.994476 -0.101739 96.297745 -0.417719 0.103201 0.902696 2.628488 0.000000 0.000000 0.000000 1.000000
0.923643 0.024883 0.382446 -0.241795 0.017122 0.994215 -0.106038 96.490456 -0.382872 0.104489 0.917873 2.920702 0.000000 0.000000 0.000000 1.000000
0.946576 0.025942 0.321436 0.189491 0.010411 0.993781 -0.110866 96.720444 -0.322313 0.108290 0.940419 3.053493 0.000000 0.000000 0.000000 1.000000
0.970351 0.022222 0.240677 0.676126 0.005950 0.993266 -0.115700 97.006668 -0.241628 0.113702 0.963685 3.065010 0.000000 0.000000 0.000000 1.000000
0.988764 0.016970 0.148522 1.078522 0.001107 0.992677 -0.120795 97.357552 -0.149484 0.119602 0.981504 3.033064 0.000000 0.000000 0.000000 1.000000
0.998497 0.013252 0.053182 1.290146 -0.006481 0.992068 -0.125534 97.731285 -0.054424 0.125001 0.990663 2.997878 0.000000 0.000000 0.000000 1.000000
0.999246 0.009042 -0.037757 1.272358 -0.013809 0.991681 -0.127974 98.025742 0.036286 0.128399 0.991059 2.929904 0.000000 0.000000 0.000000 1.000000
0.992793 0.001807 -0.119825 1.108605 -0.017048 0.991846 -0.126295 98.163940 0.118620 0.127428 0.984729 2.786769 0.000000 0.000000 0.000000 1.000000
0.980808 -0.009414 -0.194748 0.892833 -0.014525 0.992530 -0.121132 98.110680 0.194433 0.121636 0.973345 2.474450 0.000000 0.000000 0.000000 1.000000
0.962454 -0.019321 -0.270755 0.672091 -0.012773 0.993135 -0.116277 98.032616 0.271143 0.115369 0.955600 1.968194 0.000000 0.000000 0.000000 1.000000
0.934389 -0.027610 -0.355182 0.463037 -0.014581 0.993193 -0.115564 97.948959 0.355955 0.113161 0.927626 1.220583 0.000000 0.000000 0.000000 1.000000
0.895074 -0.035816 -0.444477 0.258244 -0.019511 0.992669 -0.119280 97.847618 0.445491 0.115436 0.887813 0.298752 0.000000 0.000000 0.000000 1.000000
0.880448 -0.037906 -0.472626 0.207212 -0.024570 0.991812 -0.125318 97.623108 0.473506 0.121948 0.872307 -0.248673 0.000000 0.000000 0.000000 1.000000
0.875927 -0.037832 -0.480958 0.205878 -0.029575 0.990835 -0.131801 97.364281 0.481536 0.129672 0.866780 -0.672117 0.000000 0.000000 0.000000 1.000000</float_array>
        <technique_common>
          <accessor source="#mixamorig_Hips-Matrix-animation-output-transform-array" count="27" stride="16">
            <param type="float4x4"/>
          </accessor>
        </technique_common>
      </source>
      <source id="mixamorig_Hips-Interpolations">
        <Name_array id="mixamorig_Hips-Interpolations-array" count="27">
 LINEAR LINEAR LINEAR LINEAR LINEAR LINEAR LINEAR LINEAR LINEAR LINEAR LINEAR
LINEAR LINEAR LINEAR LINEAR LINEAR LINEAR LINEAR LINEAR LINEAR LINEAR LINEAR LINEAR
LINEAR LINEAR LINEAR LINEAR</Name_array>
        <technique_common>
          <accessor source="#mixamorig_Hips-Interpolations-array" count="27">
            <param type="name"/>
          </accessor>
        </technique_common>
      </source>
      <sampler id="mixamorig_Hips-Matrix-animation-transform">
        <input semantic="INPUT" source="#mixamorig_Hips-Matrix-animation-input"/>
        <input semantic="OUTPUT" source="#mixamorig_Hips-Matrix-animation-output-transform"/>
        <input semantic="INTERPOLATION" source="#mixamorig_Hips-Interpolations"/>
      </sampler>
      <channel source="#mixamorig_Hips-Matrix-animation-transform" target="mixamorig_Hips/matrix"/>
    </animation>
    <animation id="mixamorig_Spine-anim" name="mixamorig_Spine">
      <source id="mixamorig_Spine-Matrix-animation-input">
        <float_array id="mixamorig_Spine-Matrix-animation-input-array" count="27">

0.000000 0.033333 0.066667 0.100000 0.133333 0.166667 0.200000 0.233333 0.266667 0.300000 0.333333 0.366667 0.400000 0.433333 0.466667 0.500000
0.533333 0.566667 0.600000 0.633333 0.666667 0.700000 0.733333 0.766667 0.800000 0.833333 0.866667</float_array>
        <technique_common>
          <accessor source="#mixamorig_Spine-Matrix-animation-input-array" count="27">
            <param name="TIME" type="float"/>
          </accessor>
        </technique_common>
      </source>
      <source id="mixamorig_Spine-Matrix-animation-output-transform">
        <float_array id="mixamorig_Spine-Matrix-animation-output-transform-array" count="432">

0.999921 0.009117 -0.008672 -0.000000 -0.008549 0.997954 0.063355 9.499800 0.009232 -0.063276 0.997953 -0.870900 0.000000 0.000000 0.000000 1.000000
0.999886 0.006909 -0.013398 0.000000 -0.006062 0.998042 0.062247 9.499800 0.013802 -0.062159 0.997971 -0.870900 0.000000 0.000000 0.000000 1.000000
0.999843 0.001677 -0.017663 0.000000 -0.000593 0.998126 0.061188 9.499800 0.017733 -0.061168 0.997970 -0.870900 0.000000 0.000000 0.000000 1.000000
0.999724 -0.010486 -0.021015 0.000000 0.011757 0.998048 0.061337 9.499800 0.020331 -0.061567 0.997896 -0.870900 0.000000 0.000000 0.000000 1.000000
0.999343 -0.029748 -0.020722 -0.000000 0.031020 0.997465 0.064035 9.499800 0.018765 -0.064635 0.997733 -0.870900 0.000000 0.000000 0.000000 1.000000
0.998703 -0.048290 -0.016140 0.000000 0.049279 0.996476 0.067878 9.499800 0.012806 -0.068586 0.997563 -0.870900 0.000000 0.000000 0.000000 1.000000
0.998081 -0.061433 -0.007828 0.000000 0.061836 0.995518 0.071550 9.499800 0.003397 -0.071897 0.997406 -0.870900 0.000000 0.000000 0.000000 1.000000
0.997730 -0.067277 0.002824 -0.000000 0.066884 0.995012 0.074012 9.499800 -0.007789 -0.073655 0.997253 -0.870900 0.000000 0.000000 0.000000 1.000000
0.997605 -0.067838 0.013537 0.000000 0.066642 0.994961 0.074909 9.499800 -0.018551 -0.073827 0.997099 -0.870900 0.000000 0.000000 0.000000 1.000000
0.997526 -0.066697 0.022205 -0.000000 0.064879 0.995113 0.074434 9.499800 -0.027061 -0.072809 0.996979 -0.870900 0.000000 0.000000 0.000000 1.000000
0.997454 -0.065612 0.027929 0.000000 0.063429 0.995315 0.072965 9.499800 -0.032586 -0.071008 0.996943 -0.870900 0.000000 0.000000 0.000000 1.000000
0.997468 -0.064336 0.030323 0.000000 0.062049 0.995535 0.071135 9.499800 -0.034764 -0.069073 0.997006 -0.870900 0.000000 0.000000 0.000000 1.000000
0.997620 -0.062418 0.029294 -0.000000 0.060251 0.995740 0.069797 9.499800 -0.033526 -0.067865 0.997131 -0.870900 0.000000 0.000000 0.000000 1.000000
0.997870 -0.060017 0.025555 0.000000 0.058121 0.995895 0.069384 9.499800 -0.029615 -0.067751 0.997263 -0.870900 0.000000 0.000000 0.000000 1.000000
0.998141 -0.057235 0.020944 -0.000000 0.055659 0.996037 0.069377 9.499800 -0.024831 -0.068083 0.997371 -0.870900 0.000000 0.000000 0.000000 1.000000
0.998426 -0.053352 0.017308 0.000000 0.052044 0.996272 0.068798 9.499800 -0.020914 -0.067789 0.997480 -0.870900 0.000000 0.000000 0.000000 1.000000
0.998743 -0.047777 0.015155 -0.000000 0.046655 0.996639 0.067338 9.499800 -0.018321 -0.066546 0.997615 -0.870900 0.000000 0.000000 0.000000 1.000000
0.999033 -0.041809 0.013617 0.000000 0.040827 0.996998 0.065789 9.499800 -0.016327 -0.065170 0.997741 -0.870900 0.000000 0.000000 0.000000 1.000000
0.999238 -0.037284 0.011580 0.000000 0.036453 0.997211 0.065130 9.499800 -0.013976 -0.064658 0.997810 -0.870900 0.000000 0.000000 0.000000 1.000000
0.999435 -0.032453 0.008722 0.000000 0.031814 0.997347 0.065474 9.499800 -0.010824 -0.065160 0.997816 -0.870900 0.000000 0.000000 0.000000 1.000000
0.999649 -0.025803 0.005961 -0.000000 0.025351 0.997480 0.066272 9.499800 -0.007656 -0.066097 0.997784 -0.870900 0.000000 0.000000 0.000000 1.000000
0.999863 -0.015982 0.004405 0.000000 0.015653 0.997645 0.066779 9.499800 -0.005462 -0.066701 0.997758 -0.870900 0.000000 0.000000 0.000000 1.000000
0.999967 -0.007208 0.003800 -0.000000 0.006938 0.997749 0.066692 9.499800 -0.004272 -0.066664 0.997766 -0.870900 0.000000 0.000000 0.000000 1.000000
0.999996 0.000026 0.002795 0.000000 -0.000211 0.997814 0.066086 9.499800 -0.002787 -0.066087 0.997810 -0.870900 0.000000 0.000000 0.000000 1.000000
0.999978 0.006647 0.000691 0.000000 -0.006678 0.997852 0.065172 9.499800 -0.000256 -0.065176 0.997874 -0.870900 0.000000 0.000000 0.000000 1.000000
0.999955 0.008629 -0.003827 0.000000 -0.008365 0.997897 0.064272 9.499800 0.004374 -0.064238 0.997925 -0.870900 0.000000 0.000000 0.000000 1.000000
0.999921 0.009116 -0.008672 -0.000000 -0.008549 0.997954 0.063355 9.499800 0.009232 -0.063276 0.997953 -0.870900 0.000000 0.000000 0.000000 1.000000</float_array>
        <technique_common>
          <accessor source="#mixamorig_Spine-Matrix-animation-output-transform-array" count="27" stride="16">
            <param type="float4x4"/>
          </accessor>
        </technique_common>
      </source>
      <source id="mixamorig_Spine-Interpolations">
        <Name_array id="mixamorig_Spine-Interpolations-array" count="27">
 LINEAR LINEAR LINEAR LINEAR LINEAR LINEAR LINEAR LINEAR LINEAR LINEAR LINEAR
LINEAR LINEAR LINEAR LINEAR LINEAR LINEAR LINEAR LINEAR LINEAR LINEAR LINEAR LINEAR
LINEAR LINEAR LINEAR LINEAR</Name_array>
        <technique_common>
          <accessor source="#mixamorig_Spine-Interpolations-array" count="27">
            <param type="name"/>
          </accessor>
        </technique_common>
      </source>
      <sampler id="mixamorig_Spine-Matrix-animation-transform">
        <input semantic="INPUT" source="#mixamorig_Spine-Matrix-animation-input"/>
        <input semantic="OUTPUT" source="#mixamorig_Spine-Matrix-animation-output-transform"/>
        <input semantic="INTERPOLATION" source="#mixamorig_Spine-Interpolations"/>
      </sampler>
      <channel source="#mixamorig_Spine-Matrix-animation-transform" target="mixamorig_Spine/matrix"/>
    </animation>
    <animation id="mixamorig_Spine1-anim" name="mixamorig_Spine1">
      <source id="mixamorig_Spine1-Matrix-animation-input">
        <float_array id="mixamorig_Spine1-Matrix-animation-input-array" count="27">

0.000000 0.033333 0.066667 0.100000 0.133333 0.166667 0.200000 0.233333 0.266667 0.300000 0.333333 0.366667 0.400000 0.433333 0.466667 0.500000
0.533333 0.566667 0.600000 0.633333 0.666667 0.700000 0.733333 0.766667 0.800000 0.833333 0.866667</float_array>
        <technique_common>
          <accessor source="#mixamorig_Spine1-Matrix-animation-input-array" count="27">
            <param name="TIME" type="float"/>
          </accessor>
        </technique_common>
      </source>
      <source id="mixamorig_Spine1-Matrix-animation-output-transform">
        <float_array id="mixamorig_Spine1-Matrix-animation-output-transform-array" count="432">

0.999900 -0.010866 -0.009006 0.000000 0.010367 0.998502 -0.053730 11.129600 0.009576 0.053631 0.998515 0.000000 0.000000 0.000000 0.000000 1.000000
0.999752 -0.013203 -0.017927 -0.000000 0.012177 0.998346 -0.056192 11.129600 0.018639 0.055959 0.998259 -0.000000 0.000000 0.000000 0.000000 1.000000
0.999533 -0.016276 -0.025852 0.000000 0.014757 0.998214 -0.057891 11.129600 0.026749 0.057483 0.997988 0.000000 0.000000 0.000000 0.000000 1.000000
0.999331 -0.021096 -0.029890 0.000000 0.019364 0.998182 -0.057079 11.129600 0.031040 0.056462 0.997922 -0.000000 0.000000 0.000000 0.000000 1.000000
0.999243 -0.028789 -0.026184 0.000000 0.027379 0.998235 -0.052704 11.129600 0.027655 0.051947 0.998267 -0.000000 0.000000 0.000000 0.000000 1.000000
0.999152 -0.038476 -0.014637 0.000000 0.037749 0.998178 -0.047064 11.129600 0.016421 0.046472 0.998785 -0.000000 0.000000 0.000000 0.000000 1.000000
0.998832 -0.048175 0.003691 0.000000 0.048288 0.997929 -0.042507 11.129600 -0.001635 0.042636 0.999089 -0.000000 0.000000 0.000000 0.000000 1.000000
0.998124 -0.055392 0.026069 0.000000 0.056408 0.997607 -0.039986 11.129600 -0.023792 0.041382 0.998860 -0.000000 0.000000 0.000000 0.000000 1.000000
0.997067 -0.059253 0.048441 0.000000 0.061181 0.997352 -0.039324 11.129600 -0.045982 0.042172 0.998052 0.000000 0.000000 0.000000 0.000000 1.000000
0.995913 -0.060652 0.066930 0.000000 0.063438 0.997171 -0.040327 11.129600 -0.064295 0.044408 0.996942 0.000000 0.000000 0.000000 0.000000 1.000000
0.995031 -0.060342 0.079196 0.000000 0.063885 0.997031 -0.042986 11.129600 -0.076367 0.047832 0.995932 0.000000 0.000000 0.000000 0.000000 1.000000
0.994736 -0.058120 0.084399 0.000000 0.062199 0.996979 -0.046529 11.129600 -0.081440 0.051534 0.995345 0.000000 0.000000 0.000000 0.000000 1.000000
0.995119 -0.053793 0.082731 0.000000 0.057998 0.997099 -0.049291 11.129600 -0.079840 0.053848 0.995352 -0.000000 0.000000 0.000000 0.000000 1.000000
0.995964 -0.048262 0.075677 0.000000 0.052143 0.997378 -0.050173 11.129600 -0.073057 0.053916 0.995869 0.000000 0.000000 0.000000 0.000000 1.000000
0.996878 -0.042937 0.066260 0.000000 0.046287 0.997682 -0.049889 11.129600 -0.063965 0.052800 0.996554 0.000000 0.000000 0.000000 0.000000 1.000000
0.997593 -0.038367 0.057764 -0.000000 0.041282 0.997889 -0.050131 11.129600 -0.055718 0.052395 0.997071 0.000000 0.000000 0.000000 0.000000 1.000000
0.998090 -0.034062 0.051534 0.000000 0.036719 0.997996 -0.051535 11.129600 -0.049676 0.053329 0.997341 0.000000 0.000000 0.000000 0.000000 1.000000
0.998496 -0.029485 0.046210 0.000000 0.031924 0.998086 -0.052956 11.129600 -0.044560 0.054351 0.997527 -0.000000 0.000000 0.000000 0.000000 1.000000
0.998918 -0.024512 0.039522 0.000000 0.026589 0.998245 -0.052910 11.129600 -0.038155 0.053904 0.997817 0.000000 0.000000 0.000000 0.000000 1.000000
0.999332 -0.019198 0.031100 0.000000 0.020774 0.998473 -0.051181 11.129600 -0.030070 0.051793 0.998205 -0.000000 0.000000 0.000000 0.000000 1.000000
0.999631 -0.014113 0.023223 0.000000 0.015234 0.998693 -0.048787 11.129600 -0.022504 0.049122 0.998539 -0.000000 0.000000 0.000000 0.000000 1.000000
0.999782 -0.010085 0.018258 0.000000 0.010934 0.998832 -0.047057 11.129600 -0.017762 0.047247 0.998725 0.000000 0.000000 0.000000 0.000000 1.000000
0.999847 -0.007760 0.015647 -0.000000 0.008482 0.998875 -0.046649 11.129600 -0.015268 0.046775 0.998789 -0.000000 0.000000 0.000000 0.000000 1.000000
0.999893 -0.007269 0.012671 0.000000 0.007861 0.998846 -0.047378 11.129600 -0.012312 0.047472 0.998797 0.000000 0.000000 0.000000 0.000000 1.000000
0.999940 -0.007753 0.007802 0.000000 0.008124 0.998777 -0.048766 11.129600 -0.007415 0.048827 0.998780 0.000000 0.000000 0.000000 0.000000 1.000000
0.999959 -0.009108 -0.000057 -0.000000 0.009094 0.998655 -0.051047 11.129600 0.000522 0.051044 0.998696 -0.000000 0.000000 0.000000 0.000000 1.000000
0.999900 -0.010866 -0.009006 0.000000 0.010367 0.998502 -0.053730 11.129600 0.009576 0.053631 0.998515 -0.000000 0.000000 0.000000 0.000000 1.000000</float_array>
        <technique_common>
          <accessor source="#mixamorig_Spine1-Matrix-animation-output-transform-array" count="27" stride="16">
            <param type="float4x4"/>
          </accessor>
        </technique_common>
      </source>
      <source id="mixamorig_Spine1-Interpolations">
        <Name_array id="mixamorig_Spine1-Interpolations-array" count="27">
 LINEAR LINEAR LINEAR LINEAR LINEAR LINEAR LINEAR LINEAR LINEAR LINEAR LINEAR
LINEAR LINEAR LINEAR LINEAR LINEAR LINEAR LINEAR LINEAR LINEAR LINEAR LINEAR LINEAR
LINEAR LINEAR LINEAR LINEAR</Name_array>
        <technique_common>
          <accessor source="#mixamorig_Spine1-Interpolations-array" count="27">
            <param type="name"/>
          </accessor>
        </technique_common>
      </source>
      <sampler id="mixamorig_Spine1-Matrix-animation-transform">
        <input semantic="INPUT" source="#mixamorig_Spine1-Matrix-animation-input"/>
        <input semantic="OUTPUT" source="#mixamorig_Spine1-Matrix-animation-output-transform"/>
        <input semantic="INTERPOLATION" source="#mixamorig_Spine1-Interpolations"/>
      </sampler>
      <channel source="#mixamorig_Spine1-Matrix-animation-transform" target="mixamorig_Spine1/matrix"/>
    </animation>
    <animation id="mixamorig_Spine2-anim" name="mixamorig_Spine2">
      <source id="mixamorig_Spine2-Matrix-animation-input">
        <float_array id="mixamorig_Spine2-Matrix-animation-input-array" count="27">

0.000000 0.033333 0.066667 0.100000 0.133333 0.166667 0.200000 0.233333 0.266667 0.300000 0.333333 0.366667 0.400000 0.433333 0.466667 0.500000
0.533333 0.566667 0.600000 0.633333 0.666667 0.700000 0.733333 0.766667 0.800000 0.833333 0.866667</float_array>
        <technique_common>
          <accessor source="#mixamorig_Spine2-Matrix-animation-input-array" count="27">
            <param name="TIME" type="float"/>
          </accessor>
        </technique_common>
      </source>
      <source id="mixamorig_Spine2-Matrix-animation-output-transform">
        <float_array id="mixamorig_Spine2-Matrix-animation-output-transform-array" count="432">

0.999896 -0.011003 -0.009363 -0.000000 0.010486 0.998505 -0.053652 12.719500 0.009940 0.053548 0.998516 0.000000 0.000000 0.000000 0.000000 1.000000
0.999745 -0.013223 -0.018307 -0.000000 0.012177 0.998350 -0.056122 12.719500 0.019019 0.055884 0.998256 -0.000000 0.000000 0.000000 0.000000 1.000000
0.999526 -0.016165 -0.026182 0.000000 0.014628 0.998217 -0.057873 12.719500 0.027071 0.057463 0.997981 0.000000 0.000000 0.000000 0.000000 1.000000
0.999330 -0.020940 -0.030020 0.000000 0.019201 0.998184 -0.057105 12.719500 0.031161 0.056490 0.997917 -0.000000 0.000000 0.000000 0.000000 1.000000
0.999249 -0.028706 -0.026028 -0.000000 0.027302 0.998232 -0.052792 12.719500 0.027497 0.052042 0.998266 0.000000 0.000000 0.000000 0.000000 1.000000
0.999158 -0.038483 -0.014251 0.000000 0.037773 0.998173 -0.047150 12.719500 0.016040 0.046572 0.998786 0.000000 0.000000 0.000000 0.000000 1.000000
0.998829 -0.048189 0.004206 0.000000 0.048325 0.997928 -0.042482 12.719500 -0.002151 0.042635 0.999088 0.000000 0.000000 0.000000 0.000000 1.000000
0.998113 -0.055321 0.026639 0.000000 0.056355 0.997619 -0.039749 12.719500 -0.024377 0.041175 0.998855 -0.000000 0.000000 0.000000 0.000000 1.000000
0.997049 -0.059055 0.049055 0.000000 0.060986 0.997383 -0.038840 12.719500 -0.046633 0.041717 0.998041 -0.000000 0.000000 0.000000 0.000000 1.000000
0.995884 -0.060335 0.067637 0.000000 0.063109 0.997219 -0.039650 12.719500 -0.065057 0.043755 0.996922 0.000000 0.000000 0.000000 0.000000 1.000000
0.994988 -0.059948 0.080033 0.000000 0.063471 0.997090 -0.042222 12.719500 -0.077269 0.047090 0.995898 0.000000 0.000000 0.000000 0.000000 1.000000
0.994680 -0.057699 0.085335 0.000000 0.061762 0.997041 -0.045767 12.719500 -0.082441 0.050794 0.995301 -0.000000 0.000000 0.000000 0.000000 1.000000
0.995063 -0.053390 0.083664 0.000000 0.057585 0.997159 -0.048555 12.719500 -0.080834 0.053133 0.995310 -0.000000 0.000000 0.000000 0.000000 1.000000
0.995916 -0.047911 0.076521 0.000000 0.051783 0.997434 -0.049442 12.719500 -0.073956 0.053202 0.995841 -0.000000 0.000000 0.000000 0.000000 1.000000
0.996840 -0.042656 0.067007 -0.000000 0.045999 0.997731 -0.049162 12.719500 -0.064758 0.052089 0.996541 0.000000 0.000000 0.000000 0.000000 1.000000
0.997561 -0.038168 0.058446 0.000000 0.041080 0.997931 -0.049457 12.719500 -0.056437 0.051737 0.997065 0.000000 0.000000 0.000000 0.000000 1.000000
0.998062 -0.033947 0.052158 0.000000 0.036610 0.998029 -0.050965 12.719500 -0.050325 0.052776 0.997338 0.000000 0.000000 0.000000 0.000000 1.000000
0.998473 -0.029446 0.046748 0.000000 0.031893 0.998111 -0.052507 12.719500 -0.045113 0.053918 0.997526 0.000000 0.000000 0.000000 0.000000 1.000000
0.998901 -0.024524 0.039946 0.000000 0.026612 0.998262 -0.052582 12.719500 -0.038587 0.053588 0.997817 -0.000000 0.000000 0.000000 0.000000 1.000000
0.999322 -0.019236 0.031404 0.000000 0.020822 0.998483 -0.050970 12.719500 -0.030376 0.051590 0.998206 -0.000000 0.000000 0.000000 0.000000 1.000000
0.999625 -0.014155 0.023429 0.000000 0.015283 0.998698 -0.048673 12.719500 -0.022709 0.049013 0.998540 0.000000 0.000000 0.000000 0.000000 1.000000
0.999780 -0.010124 0.018381 0.000000 0.010978 0.998834 -0.047005 12.719500 -0.017884 0.047196 0.998726 0.000000 0.000000 0.000000 0.000000 1.000000
0.999847 -0.007810 0.015680 0.000000 0.008534 0.998876 -0.046623 12.719500 -0.015298 0.046750 0.998789 0.000000 0.000000 0.000000 0.000000 1.000000
0.999894 -0.007358 0.012600 0.000000 0.007947 0.998847 -0.047353 12.719500 -0.012237 0.047448 0.998799 0.000000 0.000000 0.000000 0.000000 1.000000
0.999940 -0.007906 0.007613 -0.000000 0.008268 0.998778 -0.048735 12.719500 -0.007218 0.048795 0.998783 -0.000000 0.000000 0.000000 0.000000 1.000000
0.999957 -0.009306 -0.000343 0.000000 0.009276 0.998656 -0.050990 12.719500 0.000817 0.050985 0.998699 0.000000 0.000000 0.000000 0.000000 1.000000
0.999896 -0.011003 -0.009363 -0.000000 0.010486 0.998505 -0.053652 12.719500 0.009940 0.053548 0.998516 0.000000 0.000000 0.000000 0.000000 1.000000</float_array>
        <technique_common>
          <accessor source="#mixamorig_Spine2-Matrix-animation-output-transform-array" count="27" stride="16">
            <param type="float4x4"/>
          </accessor>
        </technique_common>
      </source>
      <source id="mixamorig_Spine2-Interpolations">
        <Name_array id="mixamorig_Spine2-Interpolations-array" count="27">
 LINEAR LINEAR LINEAR LINEAR LINEAR LINEAR LINEAR LINEAR LINEAR LINEAR LINEAR
LINEAR LINEAR LINEAR LINEAR LINEAR LINEAR LINEAR LINEAR LINEAR LINEAR LINEAR LINEAR
LINEAR LINEAR LINEAR LINEAR</Name_array>
        <technique_common>
          <accessor source="#mixamorig_Spine2-Interpolations-array" count="27">
            <param type="name"/>
          </accessor>
        </technique_common>
      </source>
      <sampler id="mixamorig_Spine2-Matrix-animation-transform">
        <input semantic="INPUT" source="#mixamorig_Spine2-Matrix-animation-input"/>
        <input semantic="OUTPUT" source="#mixamorig_Spine2-Matrix-animation-output-transform"/>
        <input semantic="INTERPOLATION" source="#mixamorig_Spine2-Interpolations"/>
      </sampler>
      <channel source="#mixamorig_Spine2-Matrix-animation-transform" target="mixamorig_Spine2/matrix"/>
    </animation>
    <animation id="mixamorig_Neck-anim" name="mixamorig_Neck">
      <source id="mixamorig_Neck-Matrix-animation-input">
        <float_array id="mixamorig_Neck-Matrix-animation-input-array" count="27">

0.000000 0.033333 0.066667 0.100000 0.133333 0.166667 0.200000 0.233333 0.266667 0.300000 0.333333 0.366667 0.400000 0.433333 0.466667 0.500000
0.533333 0.566667 0.600000 0.633333 0.666667 0.700000 0.733333 0.766667 0.800000 0.833333 0.866667</float_array>
        <technique_common>
          <accessor source="#mixamorig_Neck-Matrix-animation-input-array" count="27">
            <param name="TIME" type="float"/>
          </accessor>
        </technique_common>
      </source>
      <source id="mixamorig_Neck-Matrix-animation-output-transform">
        <float_array id="mixamorig_Neck-Matrix-animation-output-transform-array" count="432">

0.991839 0.110151 0.064208 0.000000 -0.092120 0.967281 -0.236390 14.309400 -0.088146 0.228546 0.969534 0.000000 0.000000 0.000000 0.000000 1.000000
0.992287 0.107496 0.061731 -0.000000 -0.090068 0.967380 -0.236776 14.309400 -0.085170 0.229390 0.969601 0.000000 0.000000 0.000000 0.000000 1.000000
0.992831 0.105181 0.056775 0.000000 -0.088880 0.967264 -0.237698 14.309400 -0.079918 0.230948 0.969678 0.000000 0.000000 0.000000 0.000000 1.000000
0.993270 0.103892 0.051195 -0.000000 -0.088575 0.966178 -0.242187 14.309400 -0.074624 0.236023 0.968878 0.000000 0.000000 0.000000 0.000000 1.000000
0.993525 0.108615 0.033341 0.000000 -0.097160 0.964329 -0.246230 14.309400 -0.058896 0.241396 0.968638 0.000000 0.000000 0.000000 0.000000 1.000000
0.992782 0.119098 0.014124 -0.000000 -0.111948 0.962494 -0.247129 14.309400 -0.043027 0.243764 0.968880 0.000000 0.000000 0.000000 0.000000 1.000000
0.991101 0.133086 -0.002763 -0.000000 -0.129690 0.960717 -0.245363 14.309400 -0.030000 0.243537 0.969427 0.000000 0.000000 0.000000 0.000000 1.000000
0.989213 0.145846 -0.013692 0.000000 -0.144769 0.959053 -0.243432 14.309400 -0.022372 0.242789 0.969821 0.000000 0.000000 0.000000 0.000000 1.000000
0.987964 0.153699 -0.017456 0.000000 -0.153290 0.957664 -0.243683 14.309400 -0.020737 0.243426 0.969698 -0.000000 0.000000 0.000000 0.000000 1.000000
0.987535 0.156574 -0.016109 0.000000 -0.155700 0.956733 -0.245804 14.309400 -0.023074 0.245248 0.969186 -0.000000 0.000000 0.000000 0.000000 1.000000
0.987554 0.156735 -0.013086 0.000000 -0.155073 0.956423 -0.247403 14.309400 -0.026261 0.246353 0.968824 -0.000000 0.000000 0.000000 0.000000 1.000000
0.987751 0.155689 -0.010460 -0.000000 -0.153422 0.956767 -0.247101 14.309400 -0.028464 0.245679 0.968933 0.000000 0.000000 0.000000 0.000000 1.000000
0.988159 0.153221 -0.008021 0.000000 -0.150467 0.957514 -0.246023 14.309400 -0.030016 0.244317 0.969231 -0.000000 0.000000 0.000000 0.000000 1.000000
0.988825 0.149013 -0.004520 0.000000 -0.145540 0.958320 -0.245849 14.309400 -0.032303 0.243759 0.969298 -0.000000 0.000000 0.000000 0.000000 1.000000
0.989597 0.143868 0.000746 0.000000 -0.139253 0.959128 -0.246336 14.309400 -0.036155 0.243669 0.969184 0.000000 0.000000 0.000000 0.000000 1.000000
0.990272 0.138938 0.007532 -0.000000 -0.132844 0.960164 -0.245840 14.309400 -0.041388 0.242448 0.969281 -0.000000 0.000000 0.000000 0.000000 1.000000
0.990801 0.134475 0.015176 0.000000 -0.126756 0.961462 -0.243976 14.309400 -0.047400 0.239808 0.969663 0.000000 0.000000 0.000000 0.000000 1.000000
0.991268 0.129824 0.023083 0.000000 -0.120423 0.962622 -0.242604 14.309400 -0.053716 0.237706 0.969851 -0.000000 0.000000 0.000000 0.000000 1.000000
0.991748 0.124448 0.030785 0.000000 -0.113302 0.963212 -0.243692 14.309400 -0.059980 0.238193 0.969364 0.000000 0.000000 0.000000 0.000000 1.000000
0.992184 0.118894 0.037893 0.000000 -0.105994 0.963227 -0.246899 14.309400 -0.065855 0.240953 0.968300 0.000000 0.000000 0.000000 0.000000 1.000000
0.992410 0.114779 0.044141 0.000000 -0.100266 0.963053 -0.249950 14.309400 -0.071200 0.243627 0.967252 -0.000000 0.000000 0.000000 0.000000 1.000000
0.992314 0.113368 0.049605 0.000000 -0.097492 0.963106 -0.250844 14.309400 -0.076212 0.244080 0.966756 0.000000 0.000000 0.000000 0.000000 1.000000
0.991961 0.114028 0.054881 0.000000 -0.096997 0.963637 -0.248988 14.309400 -0.081277 0.241663 0.966950 0.000000 0.000000 0.000000 0.000000 1.000000
0.991531 0.114790 0.060734 0.000000 -0.096693 0.964736 -0.244814 14.309400 -0.086695 0.236869 0.967666 0.000000 0.000000 0.000000 0.000000 1.000000
0.991168 0.114470 0.066950 -0.000000 -0.095425 0.966236 -0.239338 14.309400 -0.092086 0.230836 0.968625 0.000000 0.000000 0.000000 0.000000 1.000000
0.991510 0.112742 0.064791 0.000000 -0.094461 0.966915 -0.236965 14.309400 -0.089363 0.228833 0.969355 0.000000 0.000000 0.000000 0.000000 1.000000
0.991839 0.110151 0.064208 0.000000 -0.092120 0.967281 -0.236390 14.309400 -0.088146 0.228546 0.969534 -0.000000 0.000000 0.000000 0.000000 1.000000</float_array>
        <technique_common>
          <accessor source="#mixamorig_Neck-Matrix-animation-output-transform-array" count="27" stride="16">
            <param type="float4x4"/>
          </accessor>
        </technique_common>
      </source>
      <source id="mixamorig_Neck-Interpolations">
        <Name_array id="mixamorig_Neck-Interpolations-array" count="27">
 LINEAR LINEAR LINEAR LINEAR LINEAR LINEAR LINEAR LINEAR LINEAR LINEAR LINEAR
LINEAR LINEAR LINEAR LINEAR LINEAR LINEAR LINEAR LINEAR LINEAR LINEAR LINEAR LINEAR
LINEAR LINEAR LINEAR LINEAR</Name_array>
        <technique_common>
          <accessor source="#mixamorig_Neck-Interpolations-array" count="27">
            <param type="name"/>
          </accessor>
        </technique_common>
      </source>
      <sampler id="mixamorig_Neck-Matrix-animation-transform">
        <input semantic="INPUT" source="#mixamorig_Neck-Matrix-animation-input"/>
        <input semantic="OUTPUT" source="#mixamorig_Neck-Matrix-animation-output-transform"/>
        <input semantic="INTERPOLATION" source="#mixamorig_Neck-Interpolations"/>
      </sampler>
      <channel source="#mixamorig_Neck-Matrix-animation-transform" target="mixamorig_Neck/matrix"/>
    </animation>
    <animation id="mixamorig_Head-anim" name="mixamorig_Head">
      <source id="mixamorig_Head-Matrix-animation-input">
        <float_array id="mixamorig_Head-Matrix-animation-input-array" count="27">

0.000000 0.033333 0.066667 0.100000 0.133333 0.166667 0.200000 0.233333 0.266667 0.300000 0.333333 0.366667 0.400000 0.433333 0.466667 0.500000
0.533333 0.566667 0.600000 0.633333 0.666667 0.700000 0.733333 0.766667 0.800000 0.833333 0.866667</float_array>
        <technique_common>
          <accessor source="#mixamorig_Head-Matrix-animation-input-array" count="27">
            <param name="TIME" type="float"/>
          </accessor>
        </technique_common>
      </source>
      <source id="mixamorig_Head-Matrix-animation-output-transform">
        <float_array id="mixamorig_Head-Matrix-animation-output-transform-array" count="432">

0.959102 0.113007 0.259526 -0.000000 -0.135849 0.988126 0.071777 4.495500 -0.248333 -0.104098 0.963065 1.417400 0.000000 0.000000 0.000000 1.000000
0.958964 0.121188 0.256321 -0.000000 -0.145561 0.986247 0.078285 4.495500 -0.243309 -0.112383 0.963416 1.417400 0.000000 0.000000 0.000000 1.000000
0.964565 0.116735 0.236616 -0.000000 -0.140671 0.986237 0.086883 4.495500 -0.223217 -0.117089 0.967711 1.417400 0.000000 0.000000 0.000000 1.000000
0.982110 0.079472 0.170718 0.000000 -0.097806 0.989985 0.101805 4.495500 -0.160918 -0.116681 0.980046 1.417400 0.000000 0.000000 0.000000 1.000000
0.998430 0.005655 0.055731 0.000000 -0.012309 0.992723 0.119789 4.495500 -0.054648 -0.120287 0.991234 1.417400 0.000000 0.000000 0.000000 1.000000
0.994536 -0.070292 -0.077178 0.000000 0.079937 0.988290 0.129976 4.495500 0.067138 -0.135436 0.988509 1.417400 0.000000 0.000000 0.000000 1.000000
0.973326 -0.123381 -0.193424 0.000000 0.150145 0.980026 0.130406 4.495500 0.173471 -0.155970 0.972410 1.417400 0.000000 0.000000 0.000000 1.000000
0.953272 -0.143131 -0.266058 -0.000000 0.182428 0.974683 0.129279 4.495500 0.240818 -0.171774 0.955249 1.417400 0.000000 0.000000 0.000000 1.000000
0.946690 -0.137604 -0.291279 0.000000 0.182633 0.974088 0.133408 4.495500 0.265374 -0.179493 0.947290 1.417400 0.000000 0.000000 0.000000 1.000000
0.949922 -0.126326 -0.285814 0.000000 0.172000 0.974994 0.140719 4.495500 0.260891 -0.182832 0.947897 1.417400 0.000000 0.000000 0.000000 1.000000
0.953612 -0.127854 -0.272538 0.000000 0.171921 0.974469 0.144407 4.495500 0.247117 -0.184563 0.951246 1.417400 0.000000 0.000000 0.000000 1.000000
0.953400 -0.147745 -0.263060 -0.000000 0.189057 0.972042 0.139257 4.495500 0.235131 -0.182501 0.954676 1.417400 0.000000 0.000000 0.000000 1.000000
0.951608 -0.174593 -0.252902 -0.000000 0.211489 0.969128 0.126737 4.495500 0.222968 -0.174090 0.959155 1.417400 0.000000 0.000000 0.000000 1.000000
0.953927 -0.189742 -0.232427 0.000000 0.220687 0.968531 0.115083 4.495500 0.203277 -0.161074 0.965781 1.417400 0.000000 0.000000 0.000000 1.000000
0.962843 -0.183597 -0.198055 -0.000000 0.208101 0.971810 0.110810 4.495500 0.172128 -0.147908 0.973907 1.417400 0.000000 0.000000 0.000000 1.000000
0.974830 -0.161850 -0.153333 0.000000 0.179939 0.977227 0.112471 4.495500 0.131638 -0.137231 0.981753 1.417400 0.000000 0.000000 0.000000 1.000000
0.985239 -0.136239 -0.103650 0.000000 0.147890 0.982348 0.114549 4.495500 0.086214 -0.128187 0.987996 1.417400 0.000000 0.000000 0.000000 1.000000
0.992283 -0.112506 -0.052128 0.000000 0.117817 0.986523 0.113537 4.495500 0.038652 -0.118802 0.992165 1.417400 0.000000 0.000000 0.000000 1.000000
0.996048 -0.088817 -0.000222 0.000000 0.088313 0.990130 0.108830 4.495500 -0.009446 -0.108420 0.994060 1.417400 0.000000 0.000000 0.000000 1.000000
0.996790 -0.062978 0.049427 0.000000 0.057760 0.993238 0.100704 4.495500 -0.055435 -0.097526 0.993688 1.417400 0.000000 0.000000 0.000000 1.000000
0.995015 -0.037143 0.092551 0.000000 0.028784 0.995519 0.090074 4.495500 -0.095481 -0.086961 0.991625 1.417400 0.000000 0.000000 0.000000 1.000000
0.991794 -0.014158 0.127063 0.000000 0.004059 0.996835 0.079391 4.495500 -0.127785 -0.078224 0.988712 1.417400 0.000000 0.000000 0.000000 1.000000
0.987553 0.008397 0.157061 0.000000 -0.019842 0.997247 0.071444 4.495500 -0.156029 -0.073671 0.985001 1.417400 0.000000 0.000000 0.000000 1.000000
0.981119 0.036336 0.189962 0.000000 -0.049892 0.996500 0.067074 4.495500 -0.186860 -0.075285 0.979498 1.417400 0.000000 0.000000 0.000000 1.000000
0.971070 0.070739 0.228077 0.000000 -0.087673 0.994028 0.064978 4.495500 -0.222118 -0.083094 0.971473 1.417400 0.000000 0.000000 0.000000 1.000000
0.963948 0.094518 0.248736 0.000000 -0.114571 0.991127 0.067383 4.495500 -0.240160 -0.093452 0.966225 1.417400 0.000000 0.000000 0.000000 1.000000
0.959102 0.113007 0.259526 0.000000 -0.135849 0.988126 0.071777 4.495500 -0.248333 -0.104098 0.963065 1.417400 0.000000 0.000000 0.000000 1.000000</float_array>
        <technique_common>
          <accessor source="#mixamorig_Head-Matrix-animation-output-transform-array" count="27" stride="16">
            <param type="float4x4"/>
          </accessor>
        </technique_common>
      </source>
      <source id="mixamorig_Head-Interpolations">
        <Name_array id="mixamorig_Head-Interpolations-array" count="27">
 LINEAR LINEAR LINEAR LINEAR LINEAR LINEAR LINEAR LINEAR LINEAR LINEAR LINEAR
LINEAR LINEAR LINEAR LINEAR LINEAR LINEAR LINEAR LINEAR LINEAR LINEAR LINEAR LINEAR
LINEAR LINEAR LINEAR LINEAR</Name_array>
        <technique_common>
          <accessor source="#mixamorig_Head-Interpolations-array" count="27">
            <param type="name"/>
          </accessor>
        </technique_common>
      </source>
      <sampler id="mixamorig_Head-Matrix-animation-transform">
        <input semantic="INPUT" source="#mixamorig_Head-Matrix-animation-input"/>
        <input semantic="OUTPUT" source="#mixamorig_Head-Matrix-animation-output-transform"/>
        <input semantic="INTERPOLATION" source="#mixamorig_Head-Interpolations"/>
      </sampler>
      <channel source="#mixamorig_Head-Matrix-animation-transform" target="mixamorig_Head/matrix"/>
    </animation>
    <animation id="mixamorig_LeftShoulder-anim" name="mixamorig_LeftShoulder">
      <source id="mixamorig_LeftShoulder-Matrix-animation-input">
        <float_array id="mixamorig_LeftShoulder-Matrix-animation-input-array" count="27">

0.000000 0.033333 0.066667 0.100000 0.133333 0.166667 0.200000 0.233333 0.266667 0.300000 0.333333 0.366667 0.400000 0.433333 0.466667 0.500000
0.533333 0.566667 0.600000 0.633333 0.666667 0.700000 0.733333 0.766667 0.800000 0.833333 0.866667</float_array>
        <technique_common>
          <accessor source="#mixamorig_LeftShoulder-Matrix-animation-input-array" count="27">
            <param name="TIME" type="float"/>
          </accessor>
        </technique_common>
      </source>
      <source id="mixamorig_LeftShoulder-Matrix-animation-output-transform">
        <float_array id="mixamorig_LeftShoulder-Matrix-animation-output-transform-array" count="432">

0.221229 0.866140 -0.448173 6.116700 0.021633 -0.463805 -0.885673 12.774100 -0.974982 0.186241 -0.121345 -0.173600 0.000000 0.000000 0.000000 1.000000
0.226830 0.864617 -0.448315 6.116700 0.021035 -0.464555 -0.885294 12.774100 -0.973707 0.191382 -0.123562 -0.173600 0.000000 0.000000 0.000000 1.000000
0.238460 0.861349 -0.448570 6.116700 0.020623 -0.466282 -0.884396 12.774100 -0.970933 0.201643 -0.128953 -0.173600 0.000000 0.000000 0.000000 1.000000
0.260494 0.854748 -0.448942 6.116700 0.020260 -0.469733 -0.882576 12.774100 -0.965263 0.220810 -0.139680 -0.173600 0.000000 0.000000 0.000000 1.000000
0.288139 0.845697 -0.449191 6.116700 0.020427 -0.474407 -0.880068 12.774100 -0.957371 0.244406 -0.153970 -0.173600 0.000000 0.000000 0.000000 1.000000
0.309274 0.838179 -0.449227 6.116700 0.020235 -0.478080 -0.878083 12.774100 -0.950758 0.262478 -0.164819 -0.173600 0.000000 0.000000 0.000000 1.000000
0.318501 0.834733 -0.449196 6.116700 0.020265 -0.479762 -0.877164 12.774100 -0.947706 0.270275 -0.169721 -0.173600 0.000000 0.000000 0.000000 1.000000
0.312544 0.836976 -0.449208 6.116700 0.020851 -0.478829 -0.877661 12.774100 -0.949674 0.264941 -0.167107 -0.173600 0.000000 0.000000 0.000000 1.000000
0.295630 0.843100 -0.449205 6.116700 0.021207 -0.475899 -0.879244 12.774100 -0.955067 0.250405 -0.158570 -0.173600 0.000000 0.000000 0.000000 1.000000
0.279862 0.848497 -0.449145 6.116700 0.020084 -0.472912 -0.880881 12.774100 -0.959830 0.237504 -0.149391 -0.173600 0.000000 0.000000 0.000000 1.000000
0.276855 0.849473 -0.449163 6.116700 0.017386 -0.471786 -0.881542 12.774100 -0.960754 0.236250 -0.145385 -0.173600 0.000000 0.000000 0.000000 1.000000
0.288090 0.845662 -0.449288 6.116700 0.014496 -0.472978 -0.880955 12.774100 -0.957494 0.247281 -0.148519 -0.173600 0.000000 0.000000 0.000000 1.000000
