<?xml version="1.0" encoding="utf-8"?>
<COLLADA xmlns="http://www.collada.org/2005/11/COLLADASchema" version="1.4.1">
  <asset>
    <contributor>
      <author>Mixamo</author>
      <authoring_tool>COLLADA Mixamo exporter</authoring_tool>
      <comments/>
    </contributor>
    <created>2023-03-13T06:19:42Z</created>
    <modified>2023-03-13T06:19:42Z</modified>
    <revision/>
    <title/>
    <unit meter="0.010000"/>
    <up_axis>Y_UP</up_axis>
  </asset>
  <library_animations>
    <animation id="mixamorig_Hips-anim" name="mixamorig_Hips">
      <source id="mixamorig_Hips-Matrix-animation-input">
        <float_array id="mixamorig_Hips-Matrix-animation-input-array" count="66">

0.000000 0.033333 0.066667 0.100000 0.133333 0.166667 0.200000 0.233333 0.266667 0.300000 0.333333 0.366667 0.400000 0.433333 0.466667 0.500000
0.533333 0.566667 0.600000 0.633333 0.666667 0.700000 0.733333 0.766667 0.800000 0.833333 0.866667 0.900000 0.933333 0.966667 1.000000 1.033333
1.066667 1.100000 1.133333 1.166667 1.200000 1.233333 1.266667 1.300000 1.333333 1.366667 1.400000 1.433333 1.466667 1.500000 1.533333 1.566667
1.600000 1.633333 1.666667 1.700000 1.733333 1.766667 1.800000 1.833333 1.866667 1.900000 1.933333 1.966667 2.000000 2.033333 2.066667 2.100000
2.133333 2.166667</float_array>
        <technique_common>
          <accessor source="#mixamorig_Hips-Matrix-animation-input-array" count="66">
            <param name="TIME" type="float"/>
          </accessor>
        </technique_common>
      </source>
      <source id="mixamorig_Hips-Matrix-animation-output-transform">
        <float_array id="mixamorig_Hips-Matrix-animation-output-transform-array" count="1056">

0.740236 -0.067030 -0.668998 0.570071 -0.061873 0.984005 -0.167053 86.493233 0.669494 0.165052 0.724248 -1.602292 0.000000 0.000000 0.000000 1.000000
0.734500 -0.069884 -0.675001 0.443375 -0.056938 0.984829 -0.163919 86.517586 0.676216 0.158831 0.719378 -1.879229 0.000000 0.000000 0.000000 1.000000
0.721554 -0.073694 -0.688425 0.330935 -0.052111 0.985718 -0.160137 86.680717 0.690394 0.151422 0.707409 -2.206747 0.000000 0.000000 0.000000 1.000000
0.698954 -0.077871 -0.710915 0.250576 -0.047396 0.986825 -0.154691 87.012459 0.713594 0.141817 0.686055 -2.562541 0.000000 0.000000 0.000000 1.000000
0.663714 -0.081776 -0.743503 0.214790 -0.042823 0.988221 -0.146919 87.511139 0.746760 0.129351 0.652394 -2.913423 0.000000 0.000000 0.000000 1.000000
0.613785 -0.086013 -0.784773 0.215944 -0.038649 0.989582 -0.138689 88.128967 0.788526 0.115456 0.604066 -3.219599 0.000000 0.000000 0.000000 1.000000
0.548892 -0.091273 -0.830895 0.240587 -0.035633 0.990562 -0.132352 88.777145 0.835133 0.102254 0.540459 -3.455023 0.000000 0.000000 0.000000 1.000000
0.469872 -0.096887 -0.877402 0.272313 -0.034447 0.991189 -0.127898 89.330505 0.882062 0.090319 0.462394 -3.625089 0.000000 0.000000 0.000000 1.000000
0.378799 -0.102090 -0.919831 0.337773 -0.035017 0.991605 -0.124476 89.673904 0.924816 0.079361 0.372044 -3.727152 0.000000 0.000000 0.000000 1.000000
0.279893 -0.106949 -0.954055 0.463194 -0.037409 0.991806 -0.122155 89.712402 0.959302 0.069881 0.273599 -3.768678 0.000000 0.000000 0.000000 1.000000
0.177999 -0.111725 -0.977668 0.668354 -0.041342 0.991807 -0.120867 89.423004 0.983162 0.061933 0.171922 -3.753058 0.000000 0.000000 0.000000 1.000000
0.075224 -0.115835 -0.990416 0.933931 -0.046741 0.991729 -0.119539 88.792580 0.996071 0.055285 0.069187 -3.634469 0.000000 0.000000 0.000000 1.000000
-0.028786 -0.119007 -0.992476 1.167979 -0.052923 0.991676 -0.117376 87.857895 0.998184 0.049146 -0.034845 -3.366882 0.000000 0.000000 0.000000 1.000000
-0.132219 -0.121683 -0.983723 1.257182 -0.059353 0.991627 -0.114683 86.683075 0.989442 0.043223 -0.138335 -2.939238 0.000000 0.000000 0.000000 1.000000
-0.228558 -0.123602 -0.965652 1.159055 -0.066098 0.991589 -0.111277 85.323097 0.971284 0.038394 -0.234806 -2.367305 0.000000 0.000000 0.000000 1.000000
-0.309496 -0.123200 -0.942886 0.895251 -0.071959 0.991763 -0.105966 83.838043 0.948174 0.035053 -0.315812 -1.683460 0.000000 0.000000 0.000000 1.000000
-0.368995 -0.119276 -0.921746 0.503174 -0.075313 0.992307 -0.098257 82.295822 0.926375 0.033163 -0.375139 -0.896924 0.000000 0.000000 0.000000 1.000000
-0.403639 -0.111773 -0.908065 0.002928 -0.075777 0.993184 -0.088566 80.790451 0.911775 0.033062 -0.409357 -0.013720 0.000000 0.000000 0.000000 1.000000
-0.409904 -0.100976 -0.906522 -0.563041 -0.073581 0.994275 -0.077479 79.417480 0.909156 0.034944 -0.414987 0.953459 0.000000 0.000000 0.000000 1.000000
-0.382148 -0.087077 -0.919989 -1.097618 -0.068485 0.995482 -0.065775 78.267868 0.921560 0.037870 -0.386385 1.957381 0.000000 0.000000 0.000000 1.000000
-0.313918 -0.071349 -0.946765 -1.514424 -0.062163 0.996577 -0.054492 77.434845 0.947413 0.041748 -0.317279 2.908901 0.000000 0.000000 0.000000 1.000000
-0.203703 -0.057384 -0.977350 -1.823172 -0.061117 0.997079 -0.045804 76.962494 0.977123 0.050403 -0.206615 3.739054 0.000000 0.000000 0.000000 1.000000
-0.059482 -0.048628 -0.997044 -2.150492 -0.073092 0.996344 -0.044233 76.964043 0.995550 0.070245 -0.062819 4.454191 0.000000 0.000000 0.000000 1.000000
0.110050 -0.044242 -0.992941 -2.677989 -0.096435 0.993820 -0.054969 77.560898 0.989237 0.101803 0.105104 5.121943 0.000000 0.000000 0.000000 1.000000
0.304547 -0.040555 -0.951634 -3.476419 -0.123557 0.988970 -0.081687 79.042023 0.944449 0.142458 0.296177 5.933532 0.000000 0.000000 0.000000 1.000000
0.519446 -0.036332 -0.853730 -4.415427 -0.140852 0.981789 -0.127482 81.380363 0.842814 0.186470 0.504869 7.034757 0.000000 0.000000 0.000000 1.000000
0.729017 -0.036427 -0.683525 -5.042611 -0.133398 0.971875 -0.194070 83.895973 0.671371 0.232661 0.703655 8.285794 0.000000 0.000000 0.000000 1.000000
0.890469 -0.043277 -0.452982 -4.791201 -0.091851 0.957883 -0.272073 86.063744 0.445678 0.283879 0.848990 9.420649 0.000000 0.000000 0.000000 1.000000
0.971275 -0.048794 -0.232905 -3.642803 -0.033011 0.941660 -0.334943 87.925049 0.235660 0.333010 0.913000 10.263508 0.000000 0.000000 0.000000 1.000000
0.992577 -0.049064 -0.111285 -2.220333 0.004992 0.930680 -0.365800 89.355270 0.121518 0.362529 0.924016 10.662089 0.000000 0.000000 0.000000 1.000000
0.995374 -0.051343 -0.081208 -1.411575 0.017490 0.927945 -0.372307 90.103729 0.094472 0.369165 0.924550 10.807781 0.000000 0.000000 0.000000 1.000000
0.996945 -0.053147 -0.057239 -1.539723 0.028209 0.928342 -0.370655 90.078423 0.072836 0.367908 0.927005 11.064198 0.000000 0.000000 0.000000 1.000000
0.999025 -0.041732 0.014424 -2.257231 0.044104 0.927539 -0.371114 89.630127 0.002109 0.371388 0.928475 11.564885 0.000000 0.000000 0.000000 1.000000
0.994185 -0.011315 0.107089 -3.134130 0.050527 0.927214 -0.371108 89.130333 -0.095096 0.374361 0.922394 12.244783 0.000000 0.000000 0.000000 1.000000
0.984077 0.024905 0.175991 -3.868067 0.041980 0.929557 -0.366280 88.687828 -0.172716 0.367836 0.913710 13.019422 0.000000 0.000000 0.000000 1.000000
0.976860 0.050256 0.207893 -4.222861 0.028334 0.933027 -0.358689 88.308289 -0.211997 0.356280 0.910012 13.826272 0.000000 0.000000 0.000000 1.000000
0.975873 0.061571 0.209478 -4.139117 0.016808 0.935383 -0.353237 88.067184 -0.217691 0.348235 0.911780 14.530691 0.000000 0.000000 0.000000 1.000000
0.979360 0.065707 0.191143 -3.766075 0.005702 0.936326 -0.351085 88.024139 -0.202041 0.344929 0.916626 14.974884 0.000000 0.000000 0.000000 1.000000
0.984375 0.068482 0.162220 -3.313236 -0.007299 0.936350 -0.350991 88.188698 -0.175931 0.344323 0.922220 15.149776 0.000000 0.000000 0.000000 1.000000
0.989476 0.070647 0.126278 -2.899513 -0.021830 0.935604 -0.352377 88.482208 -0.143040 0.345912 0.927300 15.154716 0.000000 0.000000 0.000000 1.000000
0.994280 0.071519 0.079328 -2.542044 -0.038959 0.934392 -0.354109 88.771744 -0.099449 0.348993 0.931834 15.053550 0.000000 0.000000 0.000000 1.000000
0.997369 0.070334 0.017547 -2.213248 -0.059581 0.933257 -0.354233 89.041077 -0.041290 0.352256 0.934992 14.795275 0.000000 0.000000 0.000000 1.000000
0.996161 0.067389 -0.055877 -1.887529 -0.082800 0.932520 -0.351499 89.296410 0.028419 0.354776 0.934519 14.347558 0.000000 0.000000 0.000000 1.000000
0.988979 0.062799 -0.134079 -1.519651 -0.106127 0.932132 -0.346218 89.506485 0.103237 0.356632 0.928523 13.761714 0.000000 0.000000 0.000000 1.000000
0.975537 0.056017 -0.212577 -1.117482 -0.127450 0.932009 -0.339287 89.631035 0.179118 0.358081 0.916349 13.082100 0.000000 0.000000 0.000000 1.000000
0.956261 0.045754 -0.288914 -0.703517 -0.144539 0.932597 -0.330712 89.653442 0.254309 0.358007 0.898420 12.342775 0.000000 0.000000 0.000000 1.000000
0.932252 0.031234 -0.360460 -0.291353 -0.155071 0.934615 -0.320074 89.517921 0.326894 0.354287 0.876140 11.582819 0.000000 0.000000 0.000000 1.000000
0.904485 0.014508 -0.426259 0.114565 -0.159932 0.938033 -0.307436 89.216904 0.395384 0.346243 0.850757 10.835802 0.000000 0.000000 0.000000 1.000000
0.872743 -0.002524 -0.488174 0.492693 -0.161199 0.942407 -0.293060 88.849319 0.460798 0.334460 0.822072 10.117432 0.000000 0.000000 0.000000 1.000000
0.836365 -0.018497 -0.547860 0.803617 -0.160766 0.947207 -0.277405 88.496338 0.524068 0.320089 0.789237 9.387212 0.000000 0.000000 0.000000 1.000000
0.796113 -0.032911 -0.604253 1.031888 -0.159404 0.951851 -0.261860 88.218964 0.583776 0.304791 0.752534 8.609076 0.000000 0.000000 0.000000 1.000000
0.754676 -0.045663 -0.654507 1.188041 -0.157172 0.955946 -0.247920 88.032570 0.636994 0.289970 0.714252 7.737342 0.000000 0.000000 0.000000 1.000000
0.716689 -0.055891 -0.695150 1.267840 -0.154234 0.959398 -0.236150 87.945900 0.680124 0.276462 0.678970 6.749593 0.000000 0.000000 0.000000 1.000000
0.686821 -0.063604 -0.724038 1.305464 -0.149787 0.962394 -0.226629 87.949585 0.711225 0.264105 0.651466 5.669620 0.000000 0.000000 0.000000 1.000000
0.666049 -0.069557 -0.742658 1.350890 -0.143392 0.965132 -0.218995 87.996681 0.731996 0.252353 0.632851 4.582741 0.000000 0.000000 0.000000 1.000000
0.652231 -0.073951 -0.754404 1.387468 -0.136015 0.967660 -0.212449 88.039833 0.745717 0.241176 0.621080 3.576875 0.000000 0.000000 0.000000 1.000000
0.644032 -0.075800 -0.761234 1.352367 -0.129482 0.969921 -0.206127 88.039337 0.753961 0.231319 0.614845 2.671926 0.000000 0.000000 0.000000 1.000000
0.642252 -0.074361 -0.762878 1.237895 -0.124463 0.971956 -0.199524 88.005180 0.756321 0.223095 0.614986 1.864506 0.000000 0.000000 0.000000 1.000000
0.647552 -0.070428 -0.758759 1.101446 -0.120026 0.973864 -0.192829 87.935760 0.752509 0.215938 0.622175 1.164796 0.000000 0.000000 0.000000 1.000000
0.658525 -0.066005 -0.749658 0.991580 -0.114882 0.975654 -0.186819 87.829369 0.743738 0.209147 0.634910 0.596508 0.000000 0.000000 0.000000 1.000000
0.672807 -0.062328 -0.737188 0.904769 -0.108753 0.977288 -0.181883 87.671890 0.731781 0.202544 0.650747 0.149190 0.000000 0.000000 0.000000 1.000000
0.689034 -0.059290 -0.722300 0.821662 -0.102031 0.978785 -0.177676 87.445953 0.717511 0.196122 0.668367 -0.221248 0.000000 0.000000 0.000000 1.000000
0.706515 -0.057232 -0.705380 0.740955 -0.094420 0.980191 -0.174101 87.162842 0.701371 0.189607 0.687116 -0.561040 0.000000 0.000000 0.000000 1.000000
0.723356 -0.057581 -0.688070 0.670179 -0.085082 0.981489 -0.171581 86.863846 0.685213 0.182657 0.705067 -0.901315 0.000000 0.000000 0.000000 1.000000
0.735947 -0.061098 -0.674276 0.610887 -0.073932 0.982712 -0.169740 86.612808 0.672990 0.174770 0.718707 -1.251708 0.000000 0.000000 0.000000 1.000000
0.740236 -0.067030 -0.668998 0.570069 -0.061873 0.984005 -0.167053 86.493225 0.669494 0.165052 0.724248 -1.602293 0.000000 0.000000 0.000000 1.000000</float_array>
        <technique_common>
          <accessor source="#mixamorig_Hips-Matrix-animation-output-transform-array" count="66" stride="16">
            <param type="float4x4"/>
          </accessor>
        </technique_common>
      </source>
      <source id="mixamorig_Hips-Interpolations">
        <Name_array id="mixamorig_Hips-Interpolations-array" count="66">
 LINEAR LINEAR LINEAR LINEAR LINEAR LINEAR LINEAR LINEAR LINEAR LINEAR LINEAR
LINEAR LINEAR LINEAR LINEAR LINEAR LINEAR LINEAR LINEAR LINEAR LINEAR LINEAR LINEAR
LINEAR LINEAR LINEAR LINEAR LINEAR LINEAR LINEAR LINEAR LINEAR LINEAR LINEAR LINEAR
LINEAR LINEAR LINEAR LINEAR LINEAR LINEAR LINEAR LINEAR LINEAR LINEAR LINEAR LINEAR
LINEAR LINEAR LINEAR LINEAR LINEAR LINEAR LINEAR LINEAR LINEAR LINEAR LINEAR LINEAR
LINEAR LINEAR LINEAR LINEAR LINEAR LINEAR LINEAR</Name_array>
        <technique_common>
          <accessor source="#mixamorig_Hips-Interpolations-array" count="66">
            <param type="name"/>
          </accessor>
        </technique_common>
      </source>
      <sampler id="mixamorig_Hips-Matrix-animation-transform">
        <input semantic="INPUT" source="#mixamorig_Hips-Matrix-animation-input"/>
        <input semantic="OUTPUT" source="#mixamorig_Hips-Matrix-animation-output-transform"/>
        <input semantic="INTERPOLATION" source="#mixamorig_Hips-Interpolations"/>
      </sampler>
      <channel source="#mixamorig_Hips-Matrix-animation-transform" target="mixamorig_Hips/matrix"/>
    </animation>
    <animation id="mixamorig_Spine-anim" name="mixamorig_Spine">
      <source id="mixamorig_Spine-Matrix-animation-input">
        <float_array id="mixamorig_Spine-Matrix-animation-input-array" count="66">

0.000000 0.033333 0.066667 0.100000 0.133333 0.166667 0.200000 0.233333 0.266667 0.300000 0.333333 0.366667 0.400000 0.433333 0.466667 0.500000
0.533333 0.566667 0.600000 0.633333 0.666667 0.700000 0.733333 0.766667 0.800000 0.833333 0.866667 0.900000 0.933333 0.966667 1.000000 1.033333
1.066667 1.100000 1.133333 1.166667 1.200000 1.233333 1.266667 1.300000 1.333333 1.366667 1.400000 1.433333 1.466667 1.500000 1.533333 1.566667
1.600000 1.633333 1.666667 1.700000 1.733333 1.766667 1.800000 1.833333 1.866667 1.900000 1.933333 1.966667 2.000000 2.033333 2.066667 2.100000
2.133333 2.166667</float_array>
        <technique_common>
          <accessor source="#mixamorig_Spine-Matrix-animation-input-array" count="66">
            <param name="TIME" type="float"/>
          </accessor>
        </technique_common>
      </source>
      <source id="mixamorig_Spine-Matrix-animation-output-transform">
        <float_array id="mixamorig_Spine-Matrix-animation-output-transform-array" count="1056">

0.997975 0.006455 0.063287 0.000000 -0.002235 0.997783 -0.066519 9.226300 -0.063576 0.066243 0.995776 1.577100 0.000000 0.000000 0.000000 1.000000
0.997999 0.005950 0.062943 0.000000 -0.001746 0.997775 -0.066647 9.226300 -0.063200 0.066404 0.995789 1.577100 0.000000 0.000000 0.000000 1.000000
0.998033 0.005639 0.062430 -0.000000 -0.001453 0.997759 -0.066902 9.226300 -0.062667 0.066680 0.995805 1.577100 0.000000 0.000000 0.000000 1.000000
0.998046 0.005737 0.062226 -0.000000 -0.001569 0.997763 -0.066829 9.226300 -0.062471 0.066600 0.995822 1.577100 0.000000 0.000000 0.000000 1.000000
0.998060 0.005870 0.061982 0.000000 -0.001786 0.997835 -0.065740 9.226300 -0.062233 0.065502 0.995910 1.577100 0.000000 0.000000 0.000000 1.000000
0.998121 0.005747 0.061011 0.000000 -0.001840 0.997955 -0.063894 9.226300 -0.061253 0.063661 0.996090 1.577100 0.000000 0.000000 0.000000 1.000000
0.998239 0.005705 0.059051 0.000000 -0.002022 0.998059 -0.062239 9.226300 -0.059292 0.062010 0.996313 1.577100 0.000000 0.000000 0.000000 1.000000
0.998411 0.005925 0.056032 0.000000 -0.002500 0.998135 -0.061000 9.226300 -0.056289 0.060763 0.996564 1.577100 0.000000 0.000000 0.000000 1.000000
0.998651 0.005777 0.051600 0.000000 -0.002663 0.998183 -0.060203 9.226300 -0.051854 0.059985 0.996852 1.577100 0.000000 0.000000 0.000000 1.000000
0.998975 0.003987 0.045079 0.000000 -0.001240 0.998149 -0.060804 9.226300 -0.045238 0.060686 0.997131 1.577100 0.000000 0.000000 0.000000 1.000000
0.999377 0.000692 0.035290 0.000000 0.001573 0.997942 -0.064107 9.226300 -0.035262 0.064123 0.997319 1.577100 0.000000 0.000000 0.000000 1.000000
0.999775 -0.003331 0.020958 0.000000 0.004795 0.997522 -0.070193 9.226300 -0.020672 0.070278 0.997313 1.577100 0.000000 0.000000 0.000000 1.000000
0.999973 -0.007056 0.001973 0.000000 0.007189 0.996940 -0.077839 9.226300 -0.001418 0.077852 0.996964 1.577100 0.000000 0.000000 0.000000 1.000000
0.999764 -0.010071 -0.019243 -0.000000 0.008386 0.996283 -0.085730 9.226300 0.020035 0.085549 0.996133 1.577100 0.000000 0.000000 0.000000 1.000000
0.999163 -0.012574 -0.038937 0.000000 0.008896 0.995606 -0.093221 9.226300 0.039938 0.092797 0.994884 1.577100 0.000000 0.000000 0.000000 1.000000
0.998364 -0.014521 -0.055310 0.000000 0.008917 0.994923 -0.100243 9.226300 0.056485 0.099586 0.993424 1.577100 0.000000 0.000000 0.000000 1.000000
0.997476 -0.016581 -0.069042 0.000000 0.009134 0.994236 -0.106822 9.226300 0.070416 0.105922 0.991878 1.577100 0.000000 0.000000 0.000000 1.000000
0.996559 -0.019482 -0.080569 0.000000 0.010323 0.993589 -0.112576 9.226300 0.082246 0.111357 0.990371 1.577100 0.000000 0.000000 0.000000 1.000000
0.995774 -0.023367 -0.088818 0.000000 0.012925 0.993121 -0.116376 9.226300 0.090926 0.114736 0.989226 1.577100 0.000000 0.000000 0.000000 1.000000
0.995293 -0.027796 -0.092844 0.000000 0.016825 0.992998 -0.116925 9.226300 0.095444 0.114812 0.988791 1.577100 0.000000 0.000000 0.000000 1.000000
0.995137 -0.032081 -0.093132 -0.000000 0.021372 0.993275 -0.113786 9.226300 0.096157 0.111242 0.989130 1.577100 0.000000 0.000000 0.000000 1.000000
0.995170 -0.036375 -0.091184 0.000000 0.026474 0.993849 -0.107530 9.226300 0.094534 0.104596 0.990012 1.577100 0.000000 0.000000 0.000000 1.000000
0.995193 -0.042191 -0.088384 0.000000 0.033393 0.994551 -0.098760 9.226300 0.092069 0.095334 0.991178 1.577100 0.000000 0.000000 0.000000 1.000000
0.995227 -0.048639 -0.084598 0.000000 0.041246 0.995350 -0.087050 9.226300 0.088439 0.083145 0.992605 1.577100 0.000000 0.000000 0.000000 1.000000
0.995550 -0.055386 -0.076245 -0.000000 0.049924 0.996171 -0.071765 9.226300 0.079928 0.067639 0.994503 1.577100 0.000000 0.000000 0.000000 1.000000
0.996550 -0.057408 -0.059942 0.000000 0.054206 0.997083 -0.053737 9.226300 0.062852 0.050302 0.996754 1.577100 0.000000 0.000000 0.000000 1.000000
0.998150 -0.050072 -0.034481 0.000000 0.048797 0.998127 -0.036887 9.226300 0.036263 0.035136 0.998724 1.577100 0.000000 0.000000 0.000000 1.000000
0.999356 -0.035859 0.001412 -0.000000 0.035884 0.999007 -0.026394 9.226300 -0.000464 0.026428 0.999651 1.577100 0.000000 0.000000 0.000000 1.000000
0.998785 -0.021677 0.044252 0.000000 0.022755 0.999453 -0.024015 9.226300 -0.043707 0.024993 0.998732 1.577100 0.000000 0.000000 0.000000 1.000000
0.996610 -0.012614 0.081302 0.000000 0.014696 0.999578 -0.025066 9.226300 -0.080952 0.026176 0.996374 1.577100 0.000000 0.000000 0.000000 1.000000
0.994628 -0.007948 0.103208 0.000000 0.010705 0.999600 -0.026181 9.226300 -0.102959 0.027145 0.994315 1.577100 0.000000 0.000000 0.000000 1.000000
0.993597 -0.004495 0.112894 0.000000 0.007733 0.999571 -0.028255 9.226300 -0.112718 0.028947 0.993205 1.577100 0.000000 0.000000 0.000000 1.000000
0.993072 -0.000948 0.117501 0.000000 0.004706 0.999486 -0.031708 9.226300 -0.117411 0.032041 0.992566 1.577100 0.000000 0.000000 0.000000 1.000000
0.993044 -0.000589 0.117741 -0.000000 0.004798 0.999359 -0.035472 9.226300 -0.117645 0.035790 0.992411 1.577100 0.000000 0.000000 0.000000 1.000000
0.993643 -0.002336 0.112548 0.000000 0.006707 0.999237 -0.038468 9.226300 -0.112373 0.038978 0.992901 1.577100 0.000000 0.000000 0.000000 1.000000
0.994380 -0.002153 0.105844 0.000000 0.006430 0.999175 -0.040089 9.226300 -0.105670 0.040544 0.993574 1.577100 0.000000 0.000000 0.000000 1.000000
0.994662 0.000540 0.103188 0.000000 0.003634 0.999183 -0.040257 9.226300 -0.103125 0.040417 0.993847 1.577100 0.000000 0.000000 0.000000 1.000000
0.994425 0.003297 0.105395 0.000000 0.000909 0.999206 -0.039835 9.226300 -0.105442 0.039708 0.993632 1.577100 0.000000 0.000000 0.000000 1.000000
0.994064 0.004608 0.108697 0.000000 -0.000317 0.999221 -0.039462 9.226300 -0.108795 0.039193 0.993291 1.577100 0.000000 0.000000 0.000000 1.000000
0.993939 0.005283 0.109810 0.000000 -0.000991 0.999234 -0.039109 9.226300 -0.109932 0.038763 0.993183 1.577100 0.000000 0.000000 0.000000 1.000000
0.994120 0.006093 0.108110 -0.000000 -0.001890 0.999240 -0.038940 9.226300 -0.108265 0.038507 0.993376 1.577100 0.000000 0.000000 0.000000 1.000000
0.994534 0.007708 0.104128 0.000000 -0.003576 0.999201 -0.039810 9.226300 -0.104351 0.039220 0.993767 1.577100 0.000000 0.000000 0.000000 1.000000
0.995051 0.009745 0.098888 0.000000 -0.005582 0.999090 -0.042284 9.226300 -0.099210 0.041523 0.994200 1.577100 0.000000 0.000000 0.000000 1.000000
0.995547 0.011897 0.093511 0.000000 -0.007643 0.998925 -0.045717 9.226300 -0.093954 0.044798 0.994568 1.577100 0.000000 0.000000 0.000000 1.000000
0.995965 0.013860 0.088666 0.000000 -0.009525 0.998747 -0.049132 9.226300 -0.089235 0.048090 0.994849 1.577100 0.000000 0.000000 0.000000 1.000000
0.996325 0.015546 0.084235 -0.000000 -0.011144 0.998560 -0.052478 9.226300 -0.084929 0.051346 0.995063 1.577100 0.000000 0.000000 0.000000 1.000000
0.996657 0.017466 0.079812 0.000000 -0.013013 0.998347 -0.055976 9.226300 -0.080658 0.054750 0.995237 1.577100 0.000000 0.000000 0.000000 1.000000
0.996945 0.018925 0.075780 0.000000 -0.014449 0.998142 -0.059189 9.226300 -0.076760 0.057913 0.995366 1.577100 0.000000 0.000000 0.000000 1.000000
0.997149 0.019832 0.072808 0.000000 -0.015342 0.997976 -0.061711 9.226300 -0.073884 0.060418 0.995435 1.577100 0.000000 0.000000 0.000000 1.000000
0.997278 0.020050 0.070954 0.000000 -0.015532 0.997850 -0.063667 9.226300 -0.072078 0.062392 0.995446 1.577100 0.000000 0.000000 0.000000 1.000000
0.997413 0.019632 0.069155 0.000000 -0.015112 0.997752 -0.065285 9.226300 -0.070282 0.064071 0.995467 1.577100 0.000000 0.000000 0.000000 1.000000
0.997600 0.019448 0.066454 0.000000 -0.015017 0.997670 -0.066547 9.226300 -0.067594 0.065389 0.995568 1.577100 0.000000 0.000000 0.000000 1.000000
0.997788 0.019722 0.063489 0.000000 -0.015432 0.997609 -0.067364 9.226300 -0.064666 0.066235 0.995706 1.577100 0.000000 0.000000 0.000000 1.000000
0.997920 0.020157 0.061229 0.000000 -0.015995 0.997577 -0.067713 9.226300 -0.062445 0.066593 0.995824 1.577100 0.000000 0.000000 0.000000 1.000000
0.998006 0.020012 0.059861 0.000000 -0.015942 0.997577 -0.067713 9.226300 -0.061072 0.066624 0.995907 1.577100 0.000000 0.000000 0.000000 1.000000
0.998092 0.018772 0.058824 0.000000 -0.014780 0.997605 -0.067570 9.226300 -0.059951 0.066572 0.995979 1.577100 0.000000 0.000000 0.000000 1.000000
0.998217 0.016511 0.057360 0.000000 -0.012637 0.997657 -0.067244 9.226300 -0.058336 0.066399 0.996086 1.577100 0.000000 0.000000 0.000000 1.000000
0.998383 0.013626 0.055179 -0.000000 -0.009939 0.997735 -0.066534 9.226300 -0.055961 0.065878 0.996257 1.577100 0.000000 0.000000 0.000000 1.000000
0.998554 0.010620 0.052699 0.000000 -0.007145 0.997814 -0.065702 9.226300 -0.053281 0.065231 0.996447 1.577100 0.000000 0.000000 0.000000 1.000000
0.998686 0.008109 0.050592 0.000000 -0.004797 0.997858 -0.065241 9.226300 -0.051013 0.064912 0.996586 1.577100 0.000000 0.000000 0.000000 1.000000
0.998755 0.006456 0.049461 0.000000 -0.003225 0.997871 -0.065132 9.226300 -0.049776 0.064891 0.996650 1.577100 0.000000 0.000000 0.000000 1.000000
0.998745 0.005541 0.049776 -0.000000 -0.002293 0.997879 -0.065055 9.226300 -0.050031 0.064859 0.996639 1.577100 0.000000 0.000000 0.000000 1.000000
0.998648 0.005096 0.051740 0.000000 -0.001727 0.997887 -0.064953 9.226300 -0.051962 0.064776 0.996546 1.577100 0.000000 0.000000 0.000000 1.000000
0.998464 0.005156 0.055155 -0.000000 -0.001559 0.997879 -0.065070 9.226300 -0.055374 0.064884 0.996355 1.577100 0.000000 0.000000 0.000000 1.000000
0.998222 0.005762 0.059321 -0.000000 -0.001859 0.997841 -0.065644 9.226300 -0.059571 0.065417 0.996078 1.577100 0.000000 0.000000 0.000000 1.000000
0.997975 0.006454 0.063287 0.000000 -0.002235 0.997783 -0.066519 9.226300 -0.063576 0.066243 0.995776 1.577100 0.000000 0.000000 0.000000 1.000000</float_array>
        <technique_common>
          <accessor source="#mixamorig_Spine-Matrix-animation-output-transform-array" count="66" stride="16">
            <param type="float4x4"/>
          </accessor>
        </technique_common>
      </source>
      <source id="mixamorig_Spine-Interpolations">
        <Name_array id="mixamorig_Spine-Interpolations-array" count="66">
 LINEAR LINEAR LINEAR LINEAR LINEAR LINEAR LINEAR LINEAR LINEAR LINEAR LINEAR
LINEAR LINEAR LINEAR LINEAR LINEAR LINEAR LINEAR LINEAR LINEAR LINEAR LINEAR LINEAR
LINEAR LINEAR LINEAR LINEAR LINEAR LINEAR LINEAR LINEAR LINEAR LINEAR LINEAR LINEAR
LINEAR LINEAR LINEAR LINEAR LINEAR LINEAR LINEAR LINEAR LINEAR LINEAR LINEAR LINEAR
LINEAR LINEAR LINEAR LINEAR LINEAR LINEAR LINEAR LINEAR LINEAR LINEAR LINEAR LINEAR
LINEAR LINEAR LINEAR LINEAR LINEAR LINEAR LINEAR</Name_array>
        <technique_common>
          <accessor source="#mixamorig_Spine-Interpolations-array" count="66">
            <param type="name"/>
          </accessor>
        </technique_common>
      </source>
      <sampler id="mixamorig_Spine-Matrix-animation-transform">
        <input semantic="INPUT" source="#mixamorig_Spine-Matrix-animation-input"/>
        <input semantic="OUTPUT" source="#mixamorig_Spine-Matrix-animation-output-transform"/>
        <input semantic="INTERPOLATION" source="#mixamorig_Spine-Interpolations"/>
      </sampler>
      <channel source="#mixamorig_Spine-Matrix-animation-transform" target="mixamorig_Spine/matrix"/>
    </animation>
    <animation id="mixamorig_Spine1-anim" name="mixamorig_Spine1">
      <source id="mixamorig_Spine1-Matrix-animation-input">
        <float_array id="mixamorig_Spine1-Matrix-animation-input-array" count="66">

0.000000 0.033333 0.066667 0.100000 0.133333 0.166667 0.200000 0.233333 0.266667 0.300000 0.333333 0.366667 0.400000 0.433333 0.466667 0.500000
0.533333 0.566667 0.600000 0.633333 0.666667 0.700000 0.733333 0.766667 0.800000 0.833333 0.866667 0.900000 0.933333 0.966667 1.000000 1.033333
1.066667 1.100000 1.133333 1.166667 1.200000 1.233333 1.266667 1.300000 1.333333 1.366667 1.400000 1.433333 1.466667 1.500000 1.533333 1.566667
1.600000 1.633333 1.666667 1.700000 1.733333 1.766667 1.800000 1.833333 1.866667 1.900000 1.933333 1.966667 2.000000 2.033333 2.066667 2.100000
2.133333 2.166667</float_array>
        <technique_common>
          <accessor source="#mixamorig_Spine1-Matrix-animation-input-array" count="66">
            <param name="TIME" type="float"/>
          </accessor>
        </technique_common>
      </source>
      <source id="mixamorig_Spine1-Matrix-animation-output-transform">
        <float_array id="mixamorig_Spine1-Matrix-animation-output-transform-array" count="1056">

0.999526 -0.020844 0.022675 0.000000 0.018950 0.996554 0.080758 16.254900 -0.024280 -0.080290 0.996476 0.000000 0.000000 0.000000 0.000000 1.000000
0.999530 -0.020775 0.022532 0.000000 0.018899 0.996576 0.080489 16.254900 -0.024127 -0.080026 0.996501 0.000000 0.000000 0.000000 0.000000 1.000000
0.999539 -0.020550 0.022343 0.000000 0.018692 0.996586 0.080416 16.254900 -0.023919 -0.079961 0.996511 0.000000 0.000000 0.000000 0.000000 1.000000
0.999547 -0.020185 0.022308 0.000000 0.018326 0.996579 0.080588 16.254900 -0.023858 -0.080143 0.996498 0.000000 0.000000 0.000000 0.000000 1.000000
0.999556 -0.019796 0.022279 -0.000000 0.017940 0.996586 0.080591 16.254900 -0.023798 -0.080156 0.996498 0.000000 0.000000 0.000000 0.000000 1.000000
0.999570 -0.019427 0.021969 0.000000 0.017606 0.996619 0.080256 16.254900 -0.023454 -0.079835 0.996532 0.000000 0.000000 0.000000 0.000000 1.000000
0.999594 -0.018972 0.021272 0.000000 0.017217 0.996659 0.079837 16.254900 -0.022716 -0.079439 0.996581 -0.000000 0.000000 0.000000 0.000000 1.000000
0.999629 -0.018303 0.020160 0.000000 0.016648 0.996705 0.079386 16.254900 -0.021547 -0.079021 0.996640 0.000000 0.000000 0.000000 0.000000 1.000000
0.999680 -0.017250 0.018524 0.000000 0.015739 0.996766 0.078805 16.254900 -0.019824 -0.078488 0.996718 -0.000000 0.000000 0.000000 0.000000 1.000000
0.999748 -0.015644 0.016094 0.000000 0.014339 0.996831 0.078240 16.254900 -0.017267 -0.077990 0.996805 -0.000000 0.000000 0.000000 0.000000 1.000000
0.999832 -0.013483 0.012411 0.000000 0.012474 0.996871 0.078050 16.254900 -0.013425 -0.077883 0.996872 -0.000000 0.000000 0.000000 0.000000 1.000000
0.999916 -0.010994 0.006918 0.000000 0.010418 0.996871 0.078358 16.254900 -0.007758 -0.078279 0.996901 -0.000000 0.000000 0.000000 0.000000 1.000000
0.999965 -0.008375 -0.000430 0.000000 0.008383 0.996834 0.079068 16.254900 -0.000233 -0.079069 0.996869 -0.000000 0.000000 0.000000 0.000000 1.000000
0.999947 -0.005620 -0.008618 0.000000 0.006295 0.996751 0.080303 16.254900 0.008139 -0.080353 0.996733 0.000000 0.000000 0.000000 0.000000 1.000000
0.999866 -0.002783 -0.016145 0.000000 0.004100 0.996615 0.082112 16.254900 0.015862 -0.082167 0.996492 -0.000000 0.000000 0.000000 0.000000 1.000000
0.999751 -0.000133 -0.022315 0.000000 0.002012 0.996448 0.084190 16.254900 0.022225 -0.084214 0.996200 0.000000 0.000000 0.000000 0.000000 1.000000
0.999620 0.002044 -0.027477 0.000000 0.000336 0.996266 0.086339 16.254900 0.027550 -0.086316 0.995887 0.000000 0.000000 0.000000 0.000000 1.000000
0.999485 0.003548 -0.031878 -0.000000 -0.000709 0.996064 0.088635 16.254900 0.032067 -0.088567 0.995554 0.000000 0.000000 0.000000 0.000000 1.000000
0.999374 0.004570 -0.035090 0.000000 -0.001358 0.995848 0.091021 16.254900 0.035360 -0.090916 0.995231 0.000000 0.000000 0.000000 0.000000 1.000000
0.999312 0.005838 -0.036620 -0.000000 -0.002402 0.995648 0.093167 16.254900 0.037004 -0.093015 0.994977 0.000000 0.000000 0.000000 0.000000 1.000000
0.999301 0.007935 -0.036544 -0.000000 -0.004440 0.995492 0.094739 16.254900 0.037131 -0.094511 0.994831 -0.000000 0.000000 0.000000 0.000000 1.000000
0.999313 0.010654 -0.035498 0.000000 -0.007215 0.995389 0.095651 16.254900 0.036354 -0.095329 0.994782 -0.000000 0.000000 0.000000 0.000000 1.000000
0.999326 0.013404 -0.034187 0.000000 -0.010066 0.995329 0.096016 16.254900 0.035314 -0.095607 0.994793 0.000000 0.000000 0.000000 0.000000 1.000000
0.999344 0.016167 -0.032409 0.000000 -0.012994 0.995313 0.095826 16.254900 0.033806 -0.095342 0.994870 0.000000 0.000000 0.000000 0.000000 1.000000
0.999396 0.019683 -0.028650 -0.000000 -0.016889 0.995362 0.094706 16.254900 0.030381 -0.094165 0.995093 -0.000000 0.000000 0.000000 0.000000 1.000000
0.999481 0.023969 -0.021508 0.000000 -0.021896 0.995523 0.091944 16.254900 0.023615 -0.091425 0.995532 -0.000000 0.000000 0.000000 0.000000 1.000000
0.999604 0.025942 -0.010940 0.000000 -0.024890 0.995878 0.087219 16.254900 0.013158 -0.086913 0.996129 0.000000 0.000000 0.000000 0.000000 1.000000
0.999814 0.019068 0.002740 0.000000 -0.019229 0.996419 0.082340 16.254900 -0.001161 -0.082377 0.996601 0.000000 0.000000 0.000000 0.000000 1.000000
0.999834 0.002165 0.018079 -0.000000 -0.003636 0.996646 0.081748 16.254900 -0.017842 -0.081800 0.996489 -0.000000 0.000000 0.000000 0.000000 1.000000
0.999400 -0.015436 0.030991 -0.000000 0.012777 0.996365 0.084227 16.254900 -0.032178 -0.083780 0.995965 -0.000000 0.000000 0.000000 0.000000 1.000000
0.998936 -0.024885 0.038821 0.000000 0.021570 0.996267 0.083587 16.254900 -0.040756 -0.082660 0.995744 0.000000 0.000000 0.000000 0.000000 1.000000
0.998756 -0.025683 0.042735 -0.000000 0.022167 0.996483 0.080812 16.254900 -0.044661 -0.079764 0.995813 0.000000 0.000000 0.000000 0.000000 1.000000
0.998722 -0.023129 0.044928 0.000000 0.019488 0.996617 0.079841 16.254900 -0.046623 -0.078863 0.995795 -0.000000 0.000000 0.000000 0.000000 1.000000
0.998754 -0.021133 0.045198 -0.000000 0.017514 0.996719 0.079016 16.254900 -0.046719 -0.078126 0.995848 -0.000000 0.000000 0.000000 0.000000 1.000000
0.998867 -0.020032 0.043161 0.000000 0.016667 0.996894 0.076971 16.254900 -0.044569 -0.076164 0.996099 0.000000 0.000000 0.000000 0.000000 1.000000
0.998994 -0.019282 0.040490 0.000000 0.016173 0.996994 0.075768 16.254900 -0.041829 -0.075037 0.996303 -0.000000 0.000000 0.000000 0.000000 1.000000
0.999041 -0.019109 0.039403 0.000000 0.016061 0.996957 0.076276 16.254900 -0.040741 -0.075570 0.996308 0.000000 0.000000 0.000000 0.000000 1.000000
0.998997 -0.019695 0.040221 -0.000000 0.016542 0.996872 0.077285 16.254900 -0.041617 -0.076542 0.996197 0.000000 0.000000 0.000000 0.000000 1.000000
0.998928 -0.020522 0.041499 0.000000 0.017243 0.996813 0.077887 16.254900 -0.042965 -0.077088 0.996098 0.000000 0.000000 0.000000 0.000000 1.000000
0.998902 -0.020741 0.041996 0.000000 0.017403 0.996773 0.078357 16.254900 -0.043485 -0.077540 0.996040 -0.000000 0.000000 0.000000 0.000000 1.000000
0.998942 -0.019948 0.041436 -0.000000 0.016626 0.996734 0.079019 16.254900 -0.042877 -0.078247 0.996012 -0.000000 0.000000 0.000000 0.000000 1.000000
0.999028 -0.018466 0.040027 0.000000 0.015236 0.996716 0.079532 16.254900 -0.041364 -0.078845 0.996028 -0.000000 0.000000 0.000000 0.000000 1.000000
0.999130 -0.016900 0.038122 -0.000000 0.013817 0.996719 0.079749 16.254900 -0.039345 -0.079153 0.996086 -0.000000 0.000000 0.000000 0.000000 1.000000
0.999223 -0.015765 0.036128 0.000000 0.012832 0.996712 0.080009 16.254900 -0.037271 -0.079483 0.996139 0.000000 0.000000 0.000000 0.000000 1.000000
0.999298 -0.015057 0.034314 0.000000 0.012256 0.996685 0.080433 16.254900 -0.035412 -0.079956 0.996169 0.000000 0.000000 0.000000 0.000000 1.000000
0.999364 -0.014277 0.032664 0.000000 0.011595 0.996658 0.080856 16.254900 -0.033710 -0.080425 0.996190 -0.000000 0.000000 0.000000 0.000000 1.000000
0.999429 -0.013321 0.031036 -0.000000 0.010760 0.996634 0.081273 16.254900 -0.032014 -0.080893 0.996209 -0.000000 0.000000 0.000000 0.000000 1.000000
0.999485 -0.012636 0.029497 0.000000 0.010185 0.996595 0.081818 16.254900 -0.030430 -0.081476 0.996211 0.000000 0.000000 0.000000 0.000000 1.000000
0.999522 -0.012378 0.028316 0.000000 0.010008 0.996552 0.082368 16.254900 -0.029238 -0.082046 0.996200 0.000000 0.000000 0.000000 0.000000 1.000000
0.999545 -0.012295 0.027541 -0.000000 0.009975 0.996514 0.082829 16.254900 -0.028464 -0.082517 0.996183 0.000000 0.000000 0.000000 0.000000 1.000000
0.999566 -0.012451 0.026714 0.000000 0.010185 0.996468 0.083354 16.254900 -0.027658 -0.083046 0.996162 -0.000000 0.000000 0.000000 0.000000 1.000000
0.999589 -0.013200 0.025460 -0.000000 0.011019 0.996408 0.083965 16.254900 -0.026477 -0.083650 0.996143 0.000000 0.000000 0.000000 0.000000 1.000000
0.999606 -0.014524 0.024038 0.000000 0.012447 0.996354 0.084404 16.254900 -0.025176 -0.084071 0.996142 0.000000 0.000000 0.000000 0.000000 1.000000
0.999608 -0.016127 0.022879 0.000000 0.014142 0.996329 0.084433 16.254900 -0.024156 -0.084076 0.996166 0.000000 0.000000 0.000000 0.000000 1.000000
0.999600 -0.017685 0.022084 0.000000 0.015770 0.996334 0.084084 16.254900 -0.023490 -0.083702 0.996214 0.000000 0.000000 0.000000 0.000000 1.000000
0.999593 -0.018801 0.021473 0.000000 0.016943 0.996353 0.083633 16.254900 -0.022967 -0.083235 0.996265 0.000000 0.000000 0.000000 0.000000 1.000000
0.999599 -0.019212 0.020779 0.000000 0.017418 0.996373 0.083287 16.254900 -0.022303 -0.082892 0.996309 0.000000 0.000000 0.000000 0.000000 1.000000
0.999619 -0.019148 0.019864 0.000000 0.017440 0.996411 0.082833 16.254900 -0.021379 -0.082455 0.996365 0.000000 0.000000 0.000000 0.000000 1.000000
0.999641 -0.019040 0.018842 0.000000 0.017433 0.996472 0.082091 16.254900 -0.020339 -0.081733 0.996447 0.000000 0.000000 0.000000 0.000000 1.000000
0.999657 -0.019083 0.017957 0.000000 0.017564 0.996537 0.081270 16.254900 -0.019445 -0.080927 0.996530 0.000000 0.000000 0.000000 0.000000 1.000000
0.999662 -0.019250 0.017454 0.000000 0.017783 0.996583 0.080656 16.254900 -0.018947 -0.080319 0.996589 0.000000 0.000000 0.000000 0.000000 1.000000
0.999656 -0.019526 0.017525 0.000000 0.018059 0.996610 0.080264 16.254900 -0.019033 -0.079920 0.996620 0.000000 0.000000 0.000000 0.000000 1.000000
0.999636 -0.019875 0.018251 0.000000 0.018353 0.996621 0.080062 16.254900 -0.019781 -0.079698 0.996623 0.000000 0.000000 0.000000 0.000000 1.000000
0.999604 -0.020239 0.019549 -0.000000 0.018611 0.996610 0.080138 16.254900 -0.021105 -0.079743 0.996592 -0.000000 0.000000 0.000000 0.000000 1.000000
0.999564 -0.020597 0.021144 0.000000 0.018833 0.996581 0.080443 16.254900 -0.022729 -0.080010 0.996535 0.000000 0.000000 0.000000 0.000000 1.000000
0.999526 -0.020844 0.022675 0.000000 0.018950 0.996554 0.080758 16.254900 -0.024280 -0.080290 0.996476 -0.000000 0.000000 0.000000 0.000000 1.000000</float_array>
        <technique_common>
          <accessor source="#mixamorig_Spine1-Matrix-animation-output-transform-array" count="66" stride="16">
            <param type="float4x4"/>
          </accessor>
        </technique_common>
      </source>
      <source id="mixamorig_Spine1-Interpolations">
        <Name_array id="mixamorig_Spine1-Interpolations-array" count="66">
 LINEAR LINEAR LINEAR LINEAR LINEAR LINEAR LINEAR LINEAR LINEAR LINEAR LINEAR
LINEAR LINEAR LINEAR LINEAR LINEAR LINEAR LINEAR LINEAR LINEAR LINEAR LINEAR LINEAR
LINEAR LINEAR LINEAR LINEAR LINEAR LINEAR LINEAR LINEAR LINEAR LINEAR LINEAR LINEAR
LINEAR LINEAR LINEAR LINEAR LINEAR LINEAR LINEAR LINEAR LINEAR LINEAR LINEAR LINEAR
LINEAR LINEAR LINEAR LINEAR LINEAR LINEAR LINEAR LINEAR LINEAR LINEAR LINEAR LINEAR
LINEAR LINEAR LINEAR LINEAR LINEAR LINEAR LINEAR</Name_array>
        <technique_common>
          <accessor source="#mixamorig_Spine1-Interpolations-array" count="66">
            <param type="name"/>
          </accessor>
        </technique_common>
      </source>
      <sampler id="mixamorig_Spine1-Matrix-animation-transform">
        <input semantic="INPUT" source="#mixamorig_Spine1-Matrix-animation-input"/>
        <input semantic="OUTPUT" source="#mixamorig_Spine1-Matrix-animation-output-transform"/>
        <input semantic="INTERPOLATION" source="#mixamorig_Spine1-Interpolations"/>
      </sampler>
      <channel source="#mixamorig_Spine1-Matrix-animation-transform" target="mixamorig_Spine1/matrix"/>
    </animation>
    <animation id="mixamorig_Spine2-anim" name="mixamorig_Spine2">
      <source id="mixamorig_Spine2-Matrix-animation-input">
        <float_array id="mixamorig_Spine2-Matrix-animation-input-array" count="66">

0.000000 0.033333 0.066667 0.100000 0.133333 0.166667 0.200000 0.233333 0.266667 0.300000 0.333333 0.366667 0.400000 0.433333 0.466667 0.500000
0.533333 0.566667 0.600000 0.633333 0.666667 0.700000 0.733333 0.766667 0.800000 0.833333 0.866667 0.900000 0.933333 0.966667 1.000000 1.033333
1.066667 1.100000 1.133333 1.166667 1.200000 1.233333 1.266667 1.300000 1.333333 1.366667 1.400000 1.433333 1.466667 1.500000 1.533333 1.566667
1.600000 1.633333 1.666667 1.700000 1.733333 1.766667 1.800000 1.833333 1.866667 1.900000 1.933333 1.966667 2.000000 2.033333 2.066667 2.100000
2.133333 2.166667</float_array>
        <technique_common>
          <accessor source="#mixamorig_Spine2-Matrix-animation-input-array" count="66">
            <param name="TIME" type="float"/>
          </accessor>
        </technique_common>
      </source>
      <source id="mixamorig_Spine2-Matrix-animation-output-transform">
        <float_array id="mixamorig_Spine2-Matrix-animation-output-transform-array" count="1056">

0.999493 -0.017920 0.026308 0.000000 0.020398 0.995059 -0.097171 13.700700 -0.024436 0.097658 0.994920 0.000000 0.000000 0.000000 0.000000 1.000000
0.999498 -0.017874 0.026153 0.000000 0.020344 0.995033 -0.097448 13.700700 -0.024281 0.097931 0.994897 -0.000000 0.000000 0.000000 0.000000 1.000000
0.999508 -0.017673 0.025930 -0.000000 0.020124 0.995029 -0.097533 13.700700 -0.024077 0.098007 0.994894 0.000000 0.000000 0.000000 0.000000 1.000000
0.999516 -0.017311 0.025831 0.000000 0.019750 0.995052 -0.097371 13.700700 -0.024017 0.097835 0.994913 0.000000 0.000000 0.000000 0.000000 1.000000
