<?xml version="1.0" encoding="utf-8"?>
<COLLADA xmlns="http://www.collada.org/2005/11/COLLADASchema" version="1.4.1">
  <asset>
    <contributor>
      <author>Mixamo</author>
      <authoring_tool>COLLADA Mixamo exporter</authoring_tool>
      <comments/>
    </contributor>
    <created>2023-03-13T03:58:46Z</created>
    <modified>2023-03-13T03:58:46Z</modified>
    <revision/>
    <title/>
    <unit meter="0.010000"/>
    <up_axis>Y_UP</up_axis>
  </asset>
  <library_animations>
    <animation id="mixamorig_Hips-anim" name="mixamorig_Hips">
      <source id="mixamorig_Hips-Matrix-animation-input">
        <float_array id="mixamorig_Hips-Matrix-animation-input-array" count="137">

0.000000 0.033333 0.066667 0.100000 0.133333 0.166667 0.200000 0.233333 0.266667 0.300000 0.333333 0.366667 0.400000 0.433333 0.466667 0.500000
0.533333 0.566667 0.600000 0.633333 0.666667 0.700000 0.733333 0.766667 0.800000 0.833333 0.866667 0.900000 0.933333 0.966667 1.000000 1.033333
1.066667 1.100000 1.133333 1.166667 1.200000 1.233333 1.266667 1.300000 1.333333 1.366667 1.400000 1.433333 1.466667 1.500000 1.533333 1.566667
1.600000 1.633333 1.666667 1.700000 1.733333 1.766667 1.800000 1.833333 1.866667 1.900000 1.933333 1.966667 2.000000 2.033333 2.066667 2.100000
2.133333 2.166667 2.200000 2.233333 2.266667 2.300000 2.333333 2.366667 2.400000 2.433333 2.466667 2.500000 2.533333 2.566667 2.600000 2.633333
2.666667 2.700000 2.733333 2.766667 2.800000 2.833333 2.866667 2.900000 2.933333 2.966667 3.000000 3.033333 3.066667 3.100000 3.133333 3.166667
3.200000 3.233333 3.266667 3.300000 3.333333 3.366667 3.400000 3.433333 3.466667 3.500000 3.533333 3.566667 3.600000 3.633333 3.666667 3.700000
3.733333 3.766667 3.800000 3.833333 3.866667 3.900000 3.933333 3.966667 4.000000 4.033333 4.066667 4.100000 4.133333 4.166667 4.200000 4.233333
4.266667 4.300000 4.333333 4.366667 4.400000 4.433333 4.466667 4.500000 4.533333</float_array>
        <technique_common>
          <accessor source="#mixamorig_Hips-Matrix-animation-input-array" count="137">
            <param name="TIME" type="float"/>
          </accessor>
        </technique_common>
      </source>
      <source id="mixamorig_Hips-Matrix-animation-output-transform">
        <float_array id="mixamorig_Hips-Matrix-animation-output-transform-array" count="2192">

0.996364 -0.022000 -0.082309 -6.513988 0.015822 0.997060 -0.074973 95.877777 0.083717 0.073398 0.993783 -8.946727 0.000000 0.000000 0.000000 1.000000
0.995107 -0.025071 -0.095574 -6.044360 0.017446 0.996658 -0.079800 95.959358 0.097255 0.077742 0.992219 -6.042426 0.000000 0.000000 0.000000 1.000000
0.994116 -0.026515 -0.105026 -5.530419 0.017024 0.995773 -0.090252 95.868698 0.106975 0.087933 0.990366 -3.135304 0.000000 0.000000 0.000000 1.000000
0.994029 -0.026035 -0.105967 -5.055169 0.015710 0.995148 -0.097125 95.604637 0.107982 0.094880 0.989615 0.021143 0.000000 0.000000 0.000000 1.000000
0.994333 -0.024308 -0.103490 -4.512990 0.014357 0.995294 -0.095827 95.140587 0.105333 0.093798 0.990003 3.518724 0.000000 0.000000 0.000000 1.000000
0.994306 -0.021318 -0.104406 -3.775660 0.011940 0.995904 -0.089630 94.442711 0.105889 0.087873 0.990488 7.411319 0.000000 0.000000 0.000000 1.000000
0.994007 -0.021893 -0.107106 -2.943936 0.012660 0.996204 -0.086129 93.760757 0.108585 0.084257 0.990510 11.529191 0.000000 0.000000 0.000000 1.000000
0.993145 -0.027353 -0.113640 -2.032073 0.017558 0.996114 -0.086311 93.272293 0.115560 0.083724 0.989766 15.872995 0.000000 0.000000 0.000000 1.000000
0.991190 -0.037556 -0.127012 -0.931981 0.026631 0.995883 -0.086648 92.910416 0.129743 0.082503 0.988109 20.535763 0.000000 0.000000 0.000000 1.000000
0.989415 -0.051154 -0.135796 0.230568 0.040199 0.995803 -0.082223 92.657539 0.139432 0.075893 0.987319 23.759014 0.000000 0.000000 0.000000 1.000000
0.989120 -0.061752 -0.133519 1.379485 0.053040 0.996285 -0.067851 92.549469 0.137213 0.060031 0.988721 27.008789 0.000000 0.000000 0.000000 1.000000
0.988391 -0.072665 -0.133428 2.577260 0.066450 0.996513 -0.050465 92.757698 0.136629 0.041013 0.989773 30.283676 0.000000 0.000000 0.000000 1.000000
0.986022 -0.088339 -0.141266 3.695868 0.083054 0.995622 -0.042892 93.032639 0.144437 0.030560 0.989042 33.582268 0.000000 0.000000 0.000000 1.000000
0.984804 -0.096364 -0.144480 4.474818 0.091179 0.994944 -0.042108 93.443855 0.147807 0.028295 0.988611 36.903141 0.000000 0.000000 0.000000 1.000000
0.986772 -0.090422 -0.134553 4.760893 0.086274 0.995608 -0.036361 94.095612 0.137250 0.024271 0.990239 40.244896 0.000000 0.000000 0.000000 1.000000
0.990297 -0.080355 -0.113377 5.073639 0.077805 0.996610 -0.026742 94.766609 0.115142 0.017661 0.993192 43.606110 0.000000 0.000000 0.000000 1.000000
0.993592 -0.073476 -0.085881 5.397243 0.072391 0.997253 -0.015689 95.309105 0.086798 0.009372 0.996182 46.985374 0.000000 0.000000 0.000000 1.000000
0.995991 -0.067596 -0.058598 5.715889 0.067502 0.997713 -0.003584 95.701057 0.058706 -0.000386 0.998275 50.381279 0.000000 0.000000 0.000000 1.000000
0.997320 -0.061242 -0.040041 6.013763 0.061444 0.998103 0.003839 95.895660 0.039730 -0.006289 0.999191 53.792408 0.000000 0.000000 0.000000 1.000000
0.997862 -0.056816 -0.032293 6.275048 0.056945 0.998373 0.003072 95.890671 0.032066 -0.004904 0.999474 57.217354 0.000000 0.000000 0.000000 1.000000
0.997979 -0.055774 -0.030461 6.483929 0.055613 0.998434 -0.006097 95.719810 0.030753 0.004391 0.999517 60.654697 0.000000 0.000000 0.000000 1.000000
0.997875 -0.057656 -0.030362 6.624592 0.057000 0.998131 -0.022050 95.294052 0.031577 0.020273 0.999296 64.103035 0.000000 0.000000 0.000000 1.000000
0.997578 -0.062655 -0.030200 6.681221 0.061564 0.997461 -0.035787 94.649490 0.032366 0.033841 0.998903 67.560944 0.000000 0.000000 0.000000 1.000000
0.997604 -0.068155 -0.011881 6.638000 0.067631 0.996907 -0.040031 93.912567 0.014573 0.039131 0.999128 71.027016 0.000000 0.000000 0.000000 1.000000
0.997174 -0.074675 0.008242 6.309671 0.074937 0.996453 -0.038285 93.059982 -0.005354 0.038795 0.999233 74.499840 0.000000 0.000000 0.000000 1.000000
0.997935 -0.057697 0.028228 5.624795 0.058632 0.997717 -0.033501 92.488419 -0.026230 0.035087 0.999040 77.978004 0.000000 0.000000 0.000000 1.000000
0.998195 -0.036095 0.048001 4.738286 0.037553 0.998849 -0.029829 92.117241 -0.046869 0.031578 0.998402 81.460098 0.000000 0.000000 0.000000 1.000000
0.997706 -0.012553 0.066523 3.805062 0.014678 0.999394 -0.031560 91.708115 -0.066086 0.032464 0.997286 84.944702 0.000000 0.000000 0.000000 1.000000
0.996549 0.008987 0.082515 2.980037 -0.007019 0.999685 -0.024106 91.347755 -0.082706 0.023444 0.996298 88.430412 0.000000 0.000000 0.000000 1.000000
0.997068 0.025618 0.072101 2.418130 -0.024644 0.999593 -0.014366 91.122887 -0.072439 0.012547 0.997294 91.915810 0.000000 0.000000 0.000000 1.000000
0.994088 0.035592 0.102579 2.274254 -0.035150 0.999363 -0.006109 91.120232 -0.102731 0.002467 0.994706 95.399483 0.000000 0.000000 0.000000 1.000000
0.996265 0.035672 0.078630 2.703327 -0.035875 0.999356 0.001167 91.361732 -0.078538 -0.003984 0.996903 98.880028 0.000000 0.000000 0.000000 1.000000
0.998875 0.010740 -0.046192 3.563712 -0.010774 0.999942 -0.000496 91.770370 0.046184 0.000993 0.998932 102.356026 0.000000 0.000000 0.000000 1.000000
0.980067 -0.048658 -0.192617 4.596132 0.045826 0.998766 -0.019130 92.284378 0.193310 0.009922 0.981087 105.826050 0.000000 0.000000 0.000000 1.000000
0.928694 -0.128347 -0.347929 5.779046 0.117018 0.991689 -0.053480 92.842033 0.351901 0.008952 0.935994 109.288712 0.000000 0.000000 0.000000 1.000000
0.840860 -0.221486 -0.493860 7.090913 0.182631 0.975032 -0.126330 93.381584 0.509510 0.016032 0.860316 112.742592 0.000000 0.000000 0.000000 1.000000
0.722498 -0.314955 -0.615467 8.510191 0.224385 0.948842 -0.222148 93.841263 0.653948 0.022400 0.756208 116.186264 0.000000 0.000000 0.000000 1.000000
0.587381 -0.396398 -0.705586 10.015337 0.231820 0.917713 -0.322587 94.159348 0.775398 0.025913 0.630941 119.618340 0.000000 0.000000 0.000000 1.000000
0.451713 -0.454261 -0.767855 11.584812 0.205532 0.890502 -0.405909 94.274094 0.868166 0.025536 0.495617 123.037376 0.000000 0.000000 0.000000 1.000000
0.328643 -0.478117 -0.814493 13.197074 0.156027 0.878030 -0.452458 93.796455 0.931477 0.021614 0.363157 126.441994 0.000000 0.000000 0.000000 1.000000
0.225991 -0.457267 -0.860137 14.830579 0.099149 0.889192 -0.446663 92.737579 0.969070 0.015660 0.246287 129.830765 0.000000 0.000000 0.000000 1.000000
0.148229 -0.239952 -0.959401 16.463787 0.050173 0.970694 -0.235025 91.635948 0.987679 -0.013299 0.155925 133.202271 0.000000 0.000000 0.000000 1.000000
0.100787 -0.191977 -0.976210 18.075157 0.017391 0.981397 -0.191202 91.030075 0.994756 0.002293 0.102251 136.555115 0.000000 0.000000 0.000000 1.000000
0.087104 -0.377610 -0.921859 19.643145 -0.029529 0.923991 -0.381273 91.966797 0.995762 0.060432 0.069333 139.887863 0.000000 0.000000 0.000000 1.000000
0.038722 -0.386240 -0.921585 21.146212 -0.106469 0.915432 -0.388134 93.203102 0.993562 0.113149 -0.005675 143.199112 0.000000 0.000000 0.000000 1.000000
-0.087062 -0.307711 -0.947488 22.562817 -0.120142 0.947401 -0.296643 93.001877 0.988932 0.088006 -0.119452 146.487473 0.000000 0.000000 0.000000 1.000000
-0.191788 -0.206716 -0.959420 23.871414 -0.039608 0.978401 -0.202888 92.712753 0.980637 -0.000910 -0.195833 149.751495 0.000000 0.000000 0.000000 1.000000
-0.253246 -0.265206 -0.930340 25.050465 -0.021224 0.962981 -0.268733 93.212753 0.967169 -0.048310 -0.249499 152.989792 0.000000 0.000000 0.000000 1.000000
-0.314221 -0.280486 -0.906969 25.073408 -0.067963 0.959553 -0.273202 93.930550 0.946914 -0.024206 -0.320574 156.200943 0.000000 0.000000 0.000000 1.000000
-0.388395 -0.161854 -0.907167 24.066668 -0.076501 0.986719 -0.143294 94.427422 0.918312 0.013745 -0.395619 159.383530 0.000000 0.000000 0.000000 1.000000
-0.467743 -0.150397 -0.870975 23.738173 -0.082439 0.988545 -0.126426 94.226463 0.880011 0.012667 -0.474784 162.536148 0.000000 0.000000 0.000000 1.000000
-0.549740 -0.138252 -0.823815 24.398779 -0.084895 0.990349 -0.109548 93.913612 0.831010 0.009715 -0.556172 165.657394 0.000000 0.000000 0.000000 1.000000
-0.631651 -0.105955 -0.767978 25.198544 -0.083245 0.994159 -0.068692 94.223564 0.770771 0.020541 -0.636781 168.745834 0.000000 0.000000 0.000000 1.000000
-0.710647 -0.071826 -0.699872 26.104200 -0.077180 0.996730 -0.023924 94.654976 0.699302 0.037014 -0.713867 171.800064 0.000000 0.000000 0.000000 1.000000
-0.783968 -0.056880 -0.618190 27.082483 -0.066742 0.997745 -0.007163 94.509293 0.617204 0.035644 -0.785996 174.818680 0.000000 0.000000 0.000000 1.000000
-0.849085 -0.055594 -0.525322 28.100124 -0.052329 0.998407 -0.021079 93.694870 0.525657 0.009592 -0.850642 177.800278 0.000000 0.000000 0.000000 1.000000
-0.903882 -0.051121 -0.424717 29.123859 -0.034658 0.998321 -0.046402 92.646751 0.426376 -0.027222 -0.904136 180.743408 0.000000 0.000000 0.000000 1.000000
-0.946794 -0.040209 -0.319318 30.120420 -0.014696 0.996531 -0.081911 91.456467 0.321504 -0.072860 -0.944101 183.646667 0.000000 0.000000 0.000000 1.000000
-0.976925 -0.020655 -0.212583 31.056543 0.006437 0.992014 -0.125965 90.215546 0.213487 -0.124427 -0.968990 186.508682 0.000000 0.000000 0.000000 1.000000
-0.994099 0.008462 -0.108145 31.898960 0.027573 0.983919 -0.176472 89.015495 0.104913 -0.178412 -0.978347 189.328018 0.000000 0.000000 0.000000 1.000000
-0.998865 0.046699 -0.009409 32.614407 0.047609 0.971800 -0.230951 87.947838 -0.001641 -0.231137 -0.972920 192.103256 0.000000 0.000000 0.000000 1.000000
-0.992436 0.092373 0.080859 33.169613 0.065606 0.955783 -0.286663 87.104111 -0.103764 -0.279189 -0.954613 194.832977 0.000000 0.000000 0.000000 1.000000
-0.976591 0.142821 0.160846 33.208694 0.080854 0.936658 -0.340784 86.575813 -0.199329 -0.319802 -0.926280 197.515793 0.000000 0.000000 0.000000 1.000000
-0.953539 0.194761 0.229850 32.649754 0.092914 0.915863 -0.390591 86.529251 -0.286583 -0.351088 -0.891408 200.150269 0.000000 0.000000 0.000000 1.000000
-0.926986 0.233232 0.293768 31.870531 0.089810 0.898408 -0.429880 86.950760 -0.364185 -0.372109 -0.853759 202.735001 0.000000 0.000000 0.000000 1.000000
-0.899539 0.252617 0.356391 31.248756 0.069979 0.888632 -0.453251 87.661865 -0.431199 -0.382777 -0.817037 205.268585 0.000000 0.000000 0.000000 1.000000
-0.872077 0.262625 0.412928 31.162165 0.047662 0.885368 -0.462441 88.484138 -0.487042 -0.383603 -0.784627 207.749588 0.000000 0.000000 0.000000 1.000000
-0.846387 0.272679 0.457466 31.489931 0.035370 0.885865 -0.462592 89.239128 -0.531393 -0.375351 -0.759430 210.176620 0.000000 0.000000 0.000000 1.000000
-0.824732 0.290871 0.484985 31.856955 0.040550 0.885795 -0.462302 89.748398 -0.564068 -0.361610 -0.742338 212.548248 0.000000 0.000000 0.000000 1.000000
-0.807472 0.310155 0.501790 32.259541 0.053498 0.885623 -0.461314 89.795525 -0.587476 -0.345653 -0.731708 214.863083 0.000000 0.000000 0.000000 1.000000
-0.794197 0.317428 0.518160 32.693996 0.060774 0.889931 -0.452027 89.573524 -0.604613 -0.327508 -0.726072 216.843536 0.000000 0.000000 0.000000 1.000000
-0.785366 0.309954 0.535845 33.156628 0.059930 0.899621 -0.432540 89.518082 -0.616124 -0.307588 -0.725107 218.247101 0.000000 0.000000 0.000000 1.000000
-0.780459 0.295343 0.551050 33.643749 0.057461 0.911542 -0.407172 89.698830 -0.622560 -0.286117 -0.728392 219.124939 0.000000 0.000000 0.000000 1.000000
-0.779240 0.275046 0.563147 34.151665 0.054065 0.924706 -0.376823 89.893700 -0.624389 -0.263190 -0.735438 219.528198 0.000000 0.000000 0.000000 1.000000
-0.781387 0.250613 0.571514 34.676678 0.050391 0.938167 -0.342497 90.100784 -0.622009 -0.238824 -0.745700 219.508011 0.000000 0.000000 0.000000 1.000000
-0.786522 0.223697 0.575624 35.215107 0.047077 0.951096 -0.305286 90.318192 -0.615765 -0.213016 -0.758589 219.115585 0.000000 0.000000 0.000000 1.000000
-0.794229 0.196034 0.575126 35.763248 0.044783 0.962838 -0.266343 90.544029 -0.605965 -0.185781 -0.773493 218.402008 0.000000 0.000000 0.000000 1.000000
-0.804066 0.169407 0.569894 36.317413 0.044211 0.972929 -0.226835 90.776382 -0.592894 -0.157194 -0.789789 217.418472 0.000000 0.000000 0.000000 1.000000
-0.815608 0.144611 0.560241 36.873917 0.045299 0.981251 -0.187336 91.013374 -0.576828 -0.127415 -0.806867 216.216141 0.000000 0.000000 0.000000 1.000000
-0.828456 0.121602 0.546694 37.429058 0.047349 0.987857 -0.147978 91.253082 -0.558049 -0.096707 -0.824153 214.846146 0.000000 0.000000 0.000000 1.000000
-0.842183 0.100846 0.529676 37.979149 0.050158 0.992747 -0.109260 91.493622 -0.536853 -0.065450 -0.841133 213.359634 0.000000 0.000000 0.000000 1.000000
-0.856385 0.082699 0.509671 38.520496 0.053509 0.995990 -0.071701 91.733101 -0.513557 -0.034132 -0.857376 211.807800 0.000000 0.000000 0.000000 1.000000
-0.870686 0.067386 0.487202 39.049412 0.057168 0.997721 -0.035832 91.969604 -0.488506 -0.003346 -0.872554 210.241760 0.000000 0.000000 0.000000 1.000000
-0.884748 0.054992 0.462815 39.562191 0.060887 0.998142 -0.002203 92.201248 -0.462076 0.026230 -0.886452 208.712677 0.000000 0.000000 0.000000 1.000000
-0.898283 0.045455 0.437060 40.055157 0.064400 0.997514 0.028617 92.426125 -0.434673 0.053853 -0.898977 207.271713 0.000000 0.000000 0.000000 1.000000
-0.911056 0.038573 0.410475 40.524605 0.067426 0.996149 0.056044 92.642334 -0.406732 0.078735 -0.910148 205.970032 0.000000 0.000000 0.000000 1.000000
-0.922886 0.034009 0.383567 40.966854 0.069676 0.994399 0.079475 92.847992 -0.378716 0.100072 -0.920087 204.858765 0.000000 0.000000 0.000000 1.000000
-0.933746 0.029954 0.356681 41.378201 0.069577 0.992674 0.098780 93.041191 -0.351109 0.117052 -0.928990 203.989075 0.000000 0.000000 0.000000 1.000000
-0.943524 0.026118 0.330272 41.754963 0.067223 0.991243 0.113656 93.220024 -0.324411 0.129439 -0.937018 203.412125 0.000000 0.000000 0.000000 1.000000
-0.952000 0.024229 0.305136 42.093441 0.064901 0.990175 0.123862 93.382607 -0.299137 0.137721 -0.944219 203.233215 0.000000 0.000000 0.000000 1.000000
-0.959014 0.026155 0.282150 42.389946 0.064991 0.989490 0.129175 93.439598 -0.275806 0.142218 -0.950634 203.415710 0.000000 0.000000 0.000000 1.000000
-0.964621 0.031004 0.261810 42.640789 0.067165 0.989194 0.130321 93.355934 -0.254940 0.143295 -0.956280 203.797867 0.000000 0.000000 0.000000 1.000000
-0.969009 0.036337 0.244340 42.842270 0.069463 0.989292 0.128357 93.211105 -0.237059 0.141351 -0.961157 204.217880 0.000000 0.000000 0.000000 1.000000
-0.972240 0.041822 0.230219 42.990704 0.071865 0.989714 0.123703 93.084625 -0.222678 0.136814 -0.965244 204.514069 0.000000 0.000000 0.000000 1.000000
-0.974372 0.047216 0.219932 43.078106 0.074349 0.990372 0.116773 93.055969 -0.212301 0.130132 -0.968501 204.524597 0.000000 0.000000 0.000000 1.000000
-0.975436 0.052361 0.213968 43.102161 0.076890 0.991176 0.107969 93.104958 -0.206427 0.121768 -0.970855 204.320267 0.000000 0.000000 0.000000 1.000000
-0.975785 0.057372 0.211074 43.067665 0.079488 0.992024 0.097827 93.158180 -0.203778 0.112236 -0.972562 204.082230 0.000000 0.000000 0.000000 1.000000
-0.975791 0.062386 0.209619 42.979416 0.082149 0.992821 0.086931 93.215294 -0.202691 0.102046 -0.973911 203.814468 0.000000 0.000000 0.000000 1.000000
-0.975481 0.067338 0.209530 42.842209 0.084853 0.993510 0.075746 93.275970 -0.203069 0.091668 -0.974864 203.520874 0.000000 0.000000 0.000000 1.000000
-0.974874 0.072163 0.210744 42.660851 0.087577 0.994052 0.064739 93.339874 -0.204818 0.081569 -0.975395 203.205399 0.000000 0.000000 0.000000 1.000000
-0.973986 0.076786 0.213204 42.440140 0.090301 0.994429 0.054381 93.406677 -0.207840 0.072218 -0.975493 202.871948 0.000000 0.000000 0.000000 1.000000
-0.972826 0.081120 0.216860 42.184872 0.093002 0.994642 0.045141 93.476051 -0.212036 0.064083 -0.975158 202.524445 0.000000 0.000000 0.000000 1.000000
-0.971405 0.085062 0.221670 41.899845 0.095658 0.994708 0.037493 93.547661 -0.217308 0.057626 -0.974401 202.166855 0.000000 0.000000 0.000000 1.000000
-0.969727 0.088484 0.227597 41.589859 0.098247 0.994650 0.031909 93.621170 -0.223556 0.053304 -0.973233 201.803055 0.000000 0.000000 0.000000 1.000000
-0.967800 0.091202 0.234617 41.259716 0.100748 0.994489 0.029000 93.696251 -0.230679 0.051704 -0.971655 201.437012 0.000000 0.000000 0.000000 1.000000
-0.965631 0.093247 0.242616 40.914207 0.103139 0.994262 0.028364 93.772583 -0.238579 0.052412 -0.969708 201.072647 0.000000 0.000000 0.000000 1.000000
-0.963227 0.094811 0.251406 40.558136 0.105398 0.994009 0.028953 93.849815 -0.247155 0.054386 -0.967448 200.713882 0.000000 0.000000 0.000000 1.000000
-0.960598 0.096117 0.260791 40.196304 0.107505 0.993760 0.029726 93.927628 -0.256307 0.056591 -0.964937 200.364624 0.000000 0.000000 0.000000 1.000000
-0.957758 0.097426 0.270568 39.833504 0.109441 0.993551 0.029642 94.005684 -0.265935 0.058002 -0.962245 200.028839 0.000000 0.000000 0.000000 1.000000
-0.954966 0.096856 0.280463 39.474541 0.109076 0.993632 0.028258 94.083656 -0.275940 0.057577 -0.959449 199.710419 0.000000 0.000000 0.000000 1.000000
-0.952095 0.094759 0.290751 39.124207 0.107662 0.993774 0.028669 94.161209 -0.286224 0.058598 -0.956369 199.413315 0.000000 0.000000 0.000000 1.000000
-0.948801 0.094855 0.301295 38.787308 0.108408 0.993697 0.028544 94.238014 -0.296688 0.059745 -0.953104 199.141449 0.000000 0.000000 0.000000 1.000000
-0.945442 0.094789 0.311696 38.468636 0.108371 0.993757 0.026504 94.313736 -0.307237 0.058837 -0.949812 198.898758 0.000000 0.000000 0.000000 1.000000
-0.942163 0.093451 0.321862 38.172993 0.106522 0.994040 0.023200 94.388054 -0.317775 0.056143 -0.946502 198.689148 0.000000 0.000000 0.000000 1.000000
-0.938794 0.092150 0.331926 37.905182 0.104624 0.994313 0.019866 94.460617 -0.328208 0.053377 -0.943096 198.516556 0.000000 0.000000 0.000000 1.000000
-0.935367 0.090897 0.341798 37.669991 0.102687 0.994577 0.016518 94.531105 -0.338442 0.050549 -0.939628 198.384918 0.000000 0.000000 0.000000 1.000000
-0.931924 0.089698 0.351387 37.472233 0.100720 0.994828 0.013175 94.599190 -0.348388 0.047670 -0.936138 198.298965 0.000000 0.000000 0.000000 1.000000
-0.928504 0.088560 0.360606 37.316692 0.098734 0.995065 0.009851 94.664536 -0.357954 0.044751 -0.932666 198.257980 0.000000 0.000000 0.000000 1.000000
-0.925156 0.087487 0.369368 37.219547 0.096738 0.995288 0.006561 94.726807 -0.367053 0.041802 -0.929260 198.257690 0.000000 0.000000 0.000000 1.000000
-0.921927 0.086483 0.377586 37.187061 0.094743 0.995496 0.003317 94.785683 -0.375599 0.038831 -0.925969 198.293869 0.000000 0.000000 0.000000 1.000000
-0.918869 0.085550 0.385177 37.209198 0.092757 0.995689 0.000132 94.808357 -0.383505 0.035849 -0.922843 198.362213 0.000000 0.000000 0.000000 1.000000
-0.916035 0.084688 0.392055 37.275909 0.090791 0.995865 -0.002983 94.782852 -0.390687 0.032863 -0.919937 198.458466 0.000000 0.000000 0.000000 1.000000
-0.913481 0.083895 0.398139 37.377148 0.088853 0.996027 -0.006017 94.740005 -0.397062 0.029880 -0.917305 198.578400 0.000000 0.000000 0.000000 1.000000
-0.913011 0.083287 0.399342 37.502880 0.087120 0.996161 -0.008578 94.710693 -0.398523 0.026959 -0.916762 198.717728 0.000000 0.000000 0.000000 1.000000
-0.914781 0.082827 0.395367 37.643047 0.085598 0.996273 -0.010661 94.724403 -0.394776 0.024090 -0.918461 198.872177 0.000000 0.000000 0.000000 1.000000
-0.916354 0.082339 0.391812 37.787617 0.084056 0.996379 -0.012800 94.705910 -0.391447 0.021205 -0.919956 199.037506 0.000000 0.000000 0.000000 1.000000
-0.916220 0.081757 0.392246 37.926537 0.082365 0.996485 -0.015310 94.690628 -0.392119 0.018281 -0.919733 199.209442 0.000000 0.000000 0.000000 1.000000
-0.916585 0.081209 0.391505 38.049767 0.080734 0.996578 -0.017706 94.691803 -0.391604 0.015379 -0.920005 199.383743 0.000000 0.000000 0.000000 1.000000
-0.917007 0.080672 0.390629 38.147263 0.079126 0.996662 -0.020080 94.695381 -0.390945 0.012496 -0.920329 199.556122 0.000000 0.000000 0.000000 1.000000
-0.917449 0.080144 0.389699 38.208981 0.077542 0.996737 -0.022432 94.700562 -0.390225 0.009638 -0.920669 199.722336 0.000000 0.000000 0.000000 1.000000
-0.917875 0.079627 0.388799 38.214970 0.075984 0.996801 -0.024764 94.706596 -0.389528 0.006813 -0.920990 199.878113 0.000000 0.000000 0.000000 1.000000
-0.918251 0.079123 0.388014 38.170204 0.074455 0.996857 -0.027076 94.712685 -0.388937 0.004027 -0.921256 200.019180 0.000000 0.000000 0.000000 1.000000
-0.918541 0.078636 0.387426 38.102032 0.072957 0.996903 -0.029369 94.718079 -0.388535 0.001288 -0.921433 200.141281 0.000000 0.000000 0.000000 1.000000
-0.918116 0.080530 0.388043 38.037800 0.073632 0.996751 -0.032639 94.722000 -0.389411 -0.001394 -0.921063 200.240189 0.000000 0.000000 0.000000 1.000000
-0.918208 0.077537 0.388435 38.004848 0.069842 0.996981 -0.033915 94.714005 -0.389892 -0.004012 -0.920852 200.217102 0.000000 0.000000 0.000000 1.000000
-0.920502 0.071243 0.384189 38.159821 0.064800 0.997456 -0.029709 94.716301 -0.385328 -0.002452 -0.922777 200.102234 0.000000 0.000000 0.000000 1.000000
-0.923143 0.061820 0.379454 38.291130 0.057203 0.998087 -0.023443 94.729004 -0.380178 0.000065 -0.924914 199.947067 0.000000 0.000000 0.000000 1.000000</float_array>
        <technique_common>
          <accessor source="#mixamorig_Hips-Matrix-animation-output-transform-array" count="137" stride="16">
            <param type="float4x4"/>
          </accessor>
        </technique_common>
      </source>
      <source id="mixamorig_Hips-Interpolations">
        <Name_array id="mixamorig_Hips-Interpolations-array" count="137">
 LINEAR LINEAR LINEAR LINEAR LINEAR LINEAR LINEAR LINEAR LINEAR LINEAR LINEAR
LINEAR LINEAR LINEAR LINEAR LINEAR LINEAR LINEAR LINEAR LINEAR LINEAR LINEAR LINEAR
LINEAR LINEAR LINEAR LINEAR LINEAR LINEAR LINEAR LINEAR LINEAR LINEAR LINEAR LINEAR
LINEAR LINEAR LINEAR LINEAR LINEAR LINEAR LINEAR LINEAR LINEAR LINEAR LINEAR LINEAR
LINEAR LINEAR LINEAR LINEAR LINEAR LINEAR LINEAR LINEAR LINEAR LINEAR LINEAR LINEAR
LINEAR LINEAR LINEAR LINEAR LINEAR LINEAR LINEAR LINEAR LINEAR LINEAR LINEAR LINEAR
LINEAR LINEAR LINEAR LINEAR LINEAR LINEAR LINEAR LINEAR LINEAR LINEAR LINEAR LINEAR
LINEAR LINEAR LINEAR LINEAR LINEAR LINEAR LINEAR LINEAR LINEAR LINEAR LINEAR LINEAR
LINEAR LINEAR LINEAR LINEAR LINEAR LINEAR LINEAR LINEAR LINEAR LINEAR LINEAR LINEAR
LINEAR LINEAR LINEAR LINEAR LINEAR LINEAR LINEAR LINEAR LINEAR LINEAR LINEAR LINEAR
LINEAR LINEAR LINEAR LINEAR LINEAR LINEAR LINEAR LINEAR LINEAR LINEAR LINEAR LINEAR
LINEAR LINEAR LINEAR LINEAR LINEAR LINEAR</Name_array>
        <technique_common>
          <accessor source="#mixamorig_Hips-Interpolations-array" count="137">
            <param type="name"/>
          </accessor>
        </technique_common>
      </source>
      <sampler id="mixamorig_Hips-Matrix-animation-transform">
        <input semantic="INPUT" source="#mixamorig_Hips-Matrix-animation-input"/>
        <input semantic="OUTPUT" source="#mixamorig_Hips-Matrix-animation-output-transform"/>
        <input semantic="INTERPOLATION" source="#mixamorig_Hips-Interpolations"/>
      </sampler>
      <channel source="#mixamorig_Hips-Matrix-animation-transform" target="mixamorig_Hips/matrix"/>
    </animation>
    <animation id="mixamorig_Spine-anim" name="mixamorig_Spine">
      <source id="mixamorig_Spine-Matrix-animation-input">
        <float_array id="mixamorig_Spine-Matrix-animation-input-array" count="137">

0.000000 0.033333 0.066667 0.100000 0.133333 0.166667 0.200000 0.233333 0.266667 0.300000 0.333333 0.366667 0.400000 0.433333 0.466667 0.500000
0.533333 0.566667 0.600000 0.633333 0.666667 0.700000 0.733333 0.766667 0.800000 0.833333 0.866667 0.900000 0.933333 0.966667 1.000000 1.033333
1.066667 1.100000 1.133333 1.166667 1.200000 1.233333 1.266667 1.300000 1.333333 1.366667 1.400000 1.433333 1.466667 1.500000 1.533333 1.566667
1.600000 1.633333 1.666667 1.700000 1.733333 1.766667 1.800000 1.833333 1.866667 1.900000 1.933333 1.966667 2.000000 2.033333 2.066667 2.100000
2.133333 2.166667 2.200000 2.233333 2.266667 2.300000 2.333333 2.366667 2.400000 2.433333 2.466667 2.500000 2.533333 2.566667 2.600000 2.633333
2.666667 2.700000 2.733333 2.766667 2.800000 2.833333 2.866667 2.900000 2.933333 2.966667 3.000000 3.033333 3.066667 3.100000 3.133333 3.166667
3.200000 3.233333 3.266667 3.300000 3.333333 3.366667 3.400000 3.433333 3.466667 3.500000 3.533333 3.566667 3.600000 3.633333 3.666667 3.700000
3.733333 3.766667 3.800000 3.833333 3.866667 3.900000 3.933333 3.966667 4.000000 4.033333 4.066667 4.100000 4.133333 4.166667 4.200000 4.233333
4.266667 4.300000 4.333333 4.366667 4.400000 4.433333 4.466667 4.500000 4.533333</float_array>
        <technique_common>
          <accessor source="#mixamorig_Spine-Matrix-animation-input-array" count="137">
            <param name="TIME" type="float"/>
          </accessor>
        </technique_common>
      </source>
      <source id="mixamorig_Spine-Matrix-animation-output-transform">
        <float_array id="mixamorig_Spine-Matrix-animation-output-transform-array" count="2192">

0.997725 0.006593 0.067095 0.000000 -0.001294 0.996897 -0.078708 9.226300 -0.067405 0.078442 0.994637 1.577100 0.000000 0.000000 0.000000 1.000000
0.997090 0.013874 0.074965 0.000000 -0.008045 0.996960 -0.077503 9.226300 -0.075813 0.076674 0.994170 1.577100 0.000000 0.000000 0.000000 1.000000
0.996664 0.016152 0.079998 0.000000 -0.010254 0.997235 -0.073599 9.226300 -0.080966 0.072533 0.994074 1.577100 0.000000 0.000000 0.000000 1.000000
0.996605 0.019210 0.080056 -0.000000 -0.013546 0.997406 -0.070694 9.226300 -0.081206 0.069370 0.994280 1.577100 0.000000 0.000000 0.000000 1.000000
0.996743 0.023824 0.077042 0.000000 -0.018335 0.997295 -0.071179 9.226300 -0.078529 0.069535 0.994484 1.577100 0.000000 0.000000 0.000000 1.000000
0.997036 0.021764 0.073788 -0.000000 -0.016522 0.997345 -0.070920 9.226300 -0.075136 0.069491 0.994749 1.577100 0.000000 0.000000 0.000000 1.000000
0.997367 0.019413 0.069877 -0.000000 -0.014639 0.997564 -0.068198 9.226300 -0.071031 0.066995 0.995222 1.577100 0.000000 0.000000 0.000000 1.000000
0.997389 0.022990 0.068464 0.000000 -0.018628 0.997797 -0.063677 9.226300 -0.069777 0.062236 0.995619 1.577100 0.000000 0.000000 0.000000 1.000000
0.996902 0.031766 0.071950 0.000000 -0.027638 0.997953 -0.057664 9.226300 -0.073634 0.055497 0.995740 1.577100 0.000000 0.000000 0.000000 1.000000
0.996072 0.044797 0.076375 -0.000000 -0.040827 0.997771 -0.052783 9.226300 -0.078569 0.049457 0.995681 1.577100 0.000000 0.000000 0.000000 1.000000
0.995500 0.054026 0.077852 0.000000 -0.050115 0.997423 -0.051339 9.226300 -0.080425 0.047207 0.995642 1.577100 0.000000 0.000000 0.000000 1.000000
0.995344 0.058970 0.076236 -0.000000 -0.055107 0.997135 -0.051818 9.226300 -0.079073 0.047375 0.995742 1.577100 0.000000 0.000000 0.000000 1.000000
0.995137 0.065308 0.073732 0.000000 -0.061673 0.996815 -0.050552 9.226300 -0.076798 0.045759 0.995996 1.577100 0.000000 0.000000 0.000000 1.000000
0.995545 0.066604 0.066738 -0.000000 -0.063408 0.996788 -0.048909 9.226300 -0.069781 0.044460 0.996571 1.577100 0.000000 0.000000 0.000000 1.000000
0.996626 0.061987 0.053793 0.000000 -0.059230 0.996919 -0.051415 9.226300 -0.056814 0.048055 0.997228 1.577100 0.000000 0.000000 0.000000 1.000000
0.997609 0.057258 0.038704 0.000000 -0.054977 0.996823 -0.057629 9.226300 -0.041880 0.055364 0.997588 1.577100 0.000000 0.000000 0.000000 1.000000
0.998365 0.053025 0.021334 0.000000 -0.051547 0.996574 -0.064684 9.226300 -0.024691 0.063478 0.997678 1.577100 0.000000 0.000000 0.000000 1.000000
0.998900 0.046860 0.001986 0.000000 -0.046595 0.996307 -0.072123 9.226300 -0.005358 0.071951 0.997394 1.577100 0.000000 0.000000 0.000000 1.000000
0.999099 0.040715 -0.012009 0.000000 -0.041545 0.995953 -0.079697 9.226300 0.008716 0.080124 0.996747 1.577100 0.000000 0.000000 0.000000 1.000000
0.999131 0.036819 -0.019536 0.000000 -0.038355 0.995631 -0.085139 9.226300 0.016316 0.085815 0.996178 1.577100 0.000000 0.000000 0.000000 1.000000
0.999074 0.035142 -0.024814 -0.000000 -0.037149 0.995630 -0.085674 9.226300 0.021695 0.086516 0.996014 1.577100 0.000000 0.000000 0.000000 1.000000
0.998939 0.035363 -0.029509 -0.000000 -0.037635 0.996055 -0.080365 9.226300 0.026551 0.081390 0.996329 1.577100 0.000000 0.000000 0.000000 1.000000
0.998835 0.033478 -0.034758 -0.000000 -0.035972 0.996624 -0.073799 9.226300 0.032170 0.074963 0.996667 1.577100 0.000000 0.000000 0.000000 1.000000
0.998711 0.031435 -0.039863 0.000000 -0.034186 0.996939 -0.070311 9.226300 0.037530 0.071583 0.996728 1.577100 0.000000 0.000000 0.000000 1.000000
0.998306 0.034945 -0.046526 0.000000 -0.038096 0.996913 -0.068648 9.226300 0.043984 0.070304 0.996555 1.577100 0.000000 0.000000 0.000000 1.000000
0.998258 0.028293 -0.051777 0.000000 -0.031875 0.997057 -0.069717 9.226300 0.049652 0.071246 0.996222 1.577100 0.000000 0.000000 0.000000 1.000000
0.998316 0.020206 -0.054371 0.000000 -0.023777 0.997546 -0.065857 9.226300 0.052907 0.067039 0.996347 1.577100 0.000000 0.000000 0.000000 1.000000
0.998605 0.006152 -0.052444 0.000000 -0.009248 0.998215 -0.059003 9.226300 0.051987 0.059405 0.996879 1.577100 0.000000 0.000000 0.000000 1.000000
0.998917 -0.012861 -0.044706 0.000000 0.010292 0.998308 -0.057230 9.226300 0.045367 0.056708 0.997360 1.577100 0.000000 0.000000 0.000000 1.000000
0.999059 -0.028665 -0.032542 -0.000000 0.026615 0.997735 -0.061770 9.226300 0.034239 0.060846 0.997560 1.577100 0.000000 0.000000 0.000000 1.000000
0.998909 -0.043089 -0.017989 0.000000 0.041781 0.996834 -0.067653 9.226300 0.020848 0.066827 0.997547 1.577100 0.000000 0.000000 0.000000 1.000000
0.998820 -0.048387 -0.004139 0.000000 0.047974 0.996348 -0.070635 9.226300 0.007542 0.070353 0.997494 1.577100 0.000000 0.000000 0.000000 1.000000
0.999066 -0.042741 0.006424 0.000000 0.043089 0.996572 -0.070619 9.226300 -0.003384 0.070830 0.997483 1.577100 0.000000 0.000000 0.000000 1.000000
0.999148 -0.039295 0.012652 -0.000000 0.040103 0.996619 -0.071713 9.226300 -0.009792 0.072159 0.997345 1.577100 0.000000 0.000000 0.000000 1.000000
0.999123 -0.039996 0.012375 -0.000000 0.040791 0.996528 -0.072581 9.226300 -0.009429 0.073022 0.997286 1.577100 0.000000 0.000000 0.000000 1.000000
0.999225 -0.039078 0.004779 -0.000000 0.039316 0.996772 -0.069997 9.226300 -0.002028 0.070130 0.997536 1.577100 0.000000 0.000000 0.000000 1.000000
0.999215 -0.038888 -0.007510 0.000000 0.038259 0.996745 -0.070965 9.226300 0.010246 0.070622 0.997451 1.577100 0.000000 0.000000 0.000000 1.000000
0.998805 -0.043295 -0.022663 0.000000 0.041316 0.995815 -0.081518 9.226300 0.026097 0.080484 0.996414 1.577100 0.000000 0.000000 0.000000 1.000000
0.998940 -0.015363 -0.043392 0.000000 0.011214 0.995481 -0.094292 9.226300 0.044645 0.093706 0.994598 1.577100 0.000000 0.000000 0.000000 1.000000
0.997630 0.017443 -0.066553 0.000000 -0.024360 0.994218 -0.104577 9.226300 0.064345 0.105950 0.992287 1.577100 0.000000 0.000000 0.000000 1.000000
0.994638 0.050830 -0.090069 0.000000 -0.060494 0.992304 -0.108040 9.226300 0.083885 0.112910 0.990058 1.577100 0.000000 0.000000 0.000000 1.000000
0.990495 0.081834 -0.110561 0.000000 -0.092328 0.991339 -0.093390 9.226300 0.101961 0.102710 0.989472 1.577100 0.000000 0.000000 0.000000 1.000000
0.986404 0.105073 -0.126362 -0.000000 -0.115121 0.990514 -0.075021 9.226300 0.117281 0.088548 0.989143 1.577100 0.000000 0.000000 0.000000 1.000000
0.986845 0.087302 -0.136070 0.000000 -0.098369 0.992179 -0.076841 9.226300 0.128298 0.089215 0.987715 1.577100 0.000000 0.000000 0.000000 1.000000
0.987907 0.065597 -0.140486 0.000000 -0.077741 0.993531 -0.082774 9.226300 0.134147 0.092695 0.986617 1.577100 0.000000 0.000000 0.000000 1.000000
0.983812 0.107140 -0.143646 0.000000 -0.118686 0.990144 -0.074352 9.226300 0.134264 0.090197 0.986832 1.577100 0.000000 0.000000 0.000000 1.000000
0.980119 0.138972 -0.141610 0.000000 -0.150999 0.985452 -0.078005 9.226300 0.128710 0.097837 0.986844 1.577100 0.000000 0.000000 0.000000 1.000000
0.983048 0.127889 -0.131380 0.000000 -0.139429 0.986770 -0.082728 9.226300 0.119062 0.099644 0.987874 1.577100 0.000000 0.000000 0.000000 1.000000
0.986847 0.112857 -0.115741 0.000000 -0.121875 0.989781 -0.074023 9.226300 0.106205 0.087156 0.990517 1.577100 0.000000 0.000000 0.000000 1.000000
0.990833 0.094005 -0.097024 0.000000 -0.100163 0.993120 -0.060667 9.226300 0.090654 0.069829 0.993431 1.577100 0.000000 0.000000 0.000000 1.000000
0.994424 0.072631 -0.076453 0.000000 -0.076167 0.996106 -0.044397 9.226300 0.072931 0.049972 0.996084 1.577100 0.000000 0.000000 0.000000 1.000000
0.997220 0.050257 -0.055022 0.000000 -0.051809 0.998288 -0.027157 9.226300 0.053563 0.029932 0.998116 1.577100 0.000000 0.000000 0.000000 1.000000
0.999030 0.028666 -0.033419 0.000000 -0.029052 0.999516 -0.011130 9.226300 0.033084 0.012090 0.999379 1.577100 0.000000 0.000000 0.000000 1.000000
0.999879 0.009893 -0.012018 0.000000 -0.009878 0.999950 0.001280 9.226300 0.012030 -0.001162 0.999927 1.577100 0.000000 0.000000 0.000000 1.000000
0.999952 -0.003802 0.009031 0.000000 0.003735 0.999965 0.007471 9.226300 -0.009059 -0.007437 0.999931 1.577100 0.000000 0.000000 0.000000 1.000000
0.999561 0.002290 0.029527 0.000000 -0.002418 0.999988 0.004298 9.226300 -0.029517 -0.004368 0.999555 1.577100 0.000000 0.000000 0.000000 1.000000
0.998489 0.025546 0.048658 0.000000 -0.025165 0.999648 -0.008432 9.226300 -0.048857 0.007195 0.998780 1.577100 0.000000 0.000000 0.000000 1.000000
0.996946 0.042138 0.065752 0.000000 -0.040442 0.998819 -0.026908 9.226300 -0.066808 0.024167 0.997473 1.577100 0.000000 0.000000 0.000000 1.000000
0.995895 0.040024 0.081183 0.000000 -0.036148 0.998160 -0.048672 9.226300 -0.082982 0.045538 0.995510 1.577100 0.000000 0.000000 0.000000 1.000000
0.995008 0.031344 0.094742 0.000000 -0.024457 0.997032 -0.072996 9.226300 -0.096749 0.070315 0.992822 1.577100 0.000000 0.000000 0.000000 1.000000
0.994048 0.028332 0.105191 -0.000000 -0.017775 0.994831 -0.099980 9.226300 -0.107480 0.097515 0.989413 1.577100 0.000000 0.000000 0.000000 1.000000
0.993032 0.042134 0.110054 -0.000000 -0.027632 0.991113 -0.130120 9.226300 -0.114558 0.126172 0.985372 1.577100 0.000000 0.000000 0.000000 1.000000
0.992358 0.058128 0.108840 0.000000 -0.040112 0.986147 -0.160952 9.226300 -0.116688 0.155356 0.980943 1.577100 0.000000 0.000000 0.000000 1.000000
0.992742 0.060092 0.104172 -0.000000 -0.039486 0.981061 -0.189632 9.226300 -0.113595 0.184142 0.976313 1.577100 0.000000 0.000000 0.000000 1.000000
0.993599 0.060547 0.095364 0.000000 -0.038648 0.975481 -0.216665 9.226300 -0.106144 0.211593 0.971577 1.577100 0.000000 0.000000 0.000000 1.000000
0.994143 0.072538 0.080111 0.000000 -0.051169 0.968855 -0.242286 9.226300 -0.095190 0.236767 0.966892 1.577100 0.000000 0.000000 0.000000 1.000000
0.994873 0.078704 0.063510 0.000000 -0.059321 0.962745 -0.263825 9.226300 -0.081908 0.258705 0.962477 1.577100 0.000000 0.000000 0.000000 1.000000
0.996196 0.071186 0.050266 0.000000 -0.055266 0.962064 -0.267167 9.226300 -0.067378 0.263373 0.962338 1.577100 0.000000 0.000000 0.000000 1.000000
0.997317 0.062919 0.037414 0.000000 -0.051033 0.964031 -0.260846 9.226300 -0.052481 0.258236 0.964655 1.577100 0.000000 0.000000 0.000000 1.000000
0.998180 0.055004 0.024725 0.000000 -0.046642 0.964041 -0.261630 9.226300 -0.038227 0.260001 0.964851 1.577100 0.000000 0.000000 0.000000 1.000000
0.998784 0.047195 0.014251 0.000000 -0.042116 0.967079 -0.250967 9.226300 -0.025626 0.250061 0.967891 1.577100 0.000000 0.000000 0.000000 1.000000
0.999174 0.040150 0.006242 0.000000 -0.037480 0.970042 -0.240030 9.226300 -0.015692 0.239598 0.970745 1.577100 0.000000 0.000000 0.000000 1.000000
0.999419 0.034048 0.001685 0.000000 -0.032759 0.972902 -0.228884 9.226300 -0.009433 0.228696 0.973452 1.577100 0.000000 0.000000 0.000000 1.000000
0.999587 0.028740 0.000398 0.000000 -0.027965 0.975651 -0.217540 9.226300 -0.006640 0.217439 0.976051 1.577100 0.000000 0.000000 0.000000 1.000000
0.999714 0.023864 0.001236 0.000000 -0.023098 0.978282 -0.205988 9.226300 -0.006125 0.205901 0.978554 1.577100 0.000000 0.000000 0.000000 1.000000
0.999807 0.019259 0.003755 -0.000000 -0.018163 0.980783 -0.194254 9.226300 -0.007424 0.194148 0.980944 1.577100 0.000000 0.000000 0.000000 1.000000
0.999863 0.014783 0.007505 0.000000 -0.013167 0.983142 -0.182371 9.226300 -0.010074 0.182247 0.983201 1.577100 0.000000 0.000000 0.000000 1.000000
0.999874 0.010315 0.012033 0.000000 -0.008115 0.985344 -0.170384 9.226300 -0.013614 0.170265 0.985304 1.577100 0.000000 0.000000 0.000000 1.000000
0.999841 0.005757 0.016882 0.000000 -0.003012 0.987379 -0.158344 9.226300 -0.017581 0.158267 0.987240 1.577100 0.000000 0.000000 0.000000 1.000000
0.999766 0.001035 0.021593 0.000000 0.002136 0.989236 -0.146313 9.226300 -0.021512 0.146325 0.989003 1.577100 0.000000 0.000000 0.000000 1.000000
0.999662 -0.003902 0.025702 0.000000 0.007322 0.990905 -0.134365 9.226300 -0.024944 0.134508 0.990599 1.577100 0.000000 0.000000 0.000000 1.000000
0.999545 -0.009082 0.028748 0.000000 0.012543 0.992379 -0.122582 9.226300 -0.027416 0.122887 0.992042 1.577100 0.000000 0.000000 0.000000 1.000000
0.999436 -0.014513 0.030268 0.000000 0.017792 0.993655 -0.111057 9.226300 -0.028465 0.111533 0.993353 1.577100 0.000000 0.000000 0.000000 1.000000
0.999394 -0.020355 0.028229 0.000000 0.023083 0.994727 -0.099928 9.226300 -0.026046 0.100519 0.994594 1.577100 0.000000 0.000000 0.000000 1.000000
0.999387 -0.026454 0.022922 0.000000 0.028402 0.995599 -0.089313 9.226300 -0.020458 0.089909 0.995740 1.577100 0.000000 0.000000 0.000000 1.000000
0.999323 -0.032427 0.017386 0.000000 0.033707 0.996286 -0.079229 9.226300 -0.014752 0.079762 0.996705 1.577100 0.000000 0.000000 0.000000 1.000000
0.999169 -0.038022 0.014675 0.000000 0.038955 0.996812 -0.069629 9.226300 -0.011981 0.070143 0.997465 1.577100 0.000000 0.000000 0.000000 1.000000
0.998904 -0.043059 0.018360 0.000000 0.044096 0.997201 -0.060379 9.226300 -0.015709 0.061122 0.998007 1.577100 0.000000 0.000000 0.000000 1.000000
