<?xml version="1.0" encoding="utf-8"?>
<COLLADA xmlns="http://www.collada.org/2005/11/COLLADASchema" version="1.4.1">
  <asset>
    <contributor>
      <author>Mixamo</author>
      <authoring_tool>COLLADA Mixamo exporter</authoring_tool>
      <comments/>
    </contributor>
    <created>2023-03-01T09:22:43Z</created>
    <modified>2023-03-01T09:22:43Z</modified>
    <revision/>
    <title/>
    <unit meter="0.010000"/>
    <up_axis>Y_UP</up_axis>
  </asset>
  <library_animations>
    <animation id="mixamorig_Hips-anim" name="mixamorig_Hips">
      <source id="mixamorig_Hips-Matrix-animation-input">
        <float_array id="mixamorig_Hips-Matrix-animation-input-array" count="30">

0.000000 0.033333 0.066667 0.100000 0.133333 0.166667 0.200000 0.233333 0.266667 0.300000 0.333333 0.366667 0.400000 0.433333 0.466667 0.500000
0.533333 0.566667 0.600000 0.633333 0.666667 0.700000 0.733333 0.766667 0.800000 0.833333 0.866667 0.900000 0.933333 0.966667</float_array>
        <technique_common>
          <accessor source="#mixamorig_Hips-Matrix-animation-input-array" count="30">
            <param name="TIME" type="float"/>
          </accessor>
        </technique_common>
      </source>
      <source id="mixamorig_Hips-Matrix-animation-output-transform">
        <float_array id="mixamorig_Hips-Matrix-animation-output-transform-array" count="480">

0.981888 0.073716 0.174531 0.147112 -0.075693 0.997120 0.004690 108.841888 -0.173682 -0.017816 0.984641 0.378252 0.000000 0.000000 0.000000 1.000000
0.987513 0.056271 0.147144 0.444620 -0.055561 0.998415 -0.008932 109.186394 -0.147413 0.000645 0.989075 6.028527 0.000000 0.000000 0.000000 1.000000
0.993708 0.036647 0.105836 0.821911 -0.034261 0.999118 -0.024274 108.942024 -0.106632 0.020495 0.994087 11.696309 0.000000 0.000000 0.000000 1.000000
0.998247 0.012952 0.057750 1.254703 -0.010784 0.999231 -0.037699 108.360184 -0.058194 0.037010 0.997619 17.496632 0.000000 0.000000 0.000000 1.000000
0.999927 -0.004167 0.011324 1.657303 0.004666 0.999003 -0.044400 107.604095 -0.011128 0.044450 0.998950 23.571712 0.000000 0.000000 0.000000 1.000000
0.999607 -0.006242 -0.027344 1.991913 0.005062 0.999061 -0.043024 106.725861 0.027587 0.042868 0.998700 29.992989 0.000000 0.000000 0.000000 1.000000
0.998256 -0.004187 -0.058886 2.455610 0.001742 0.999137 -0.041505 105.489082 0.059009 0.041330 0.997402 36.757217 0.000000 0.000000 0.000000 1.000000
0.996993 -0.010366 -0.076797 2.879862 0.007164 0.999098 -0.041857 104.448906 0.077161 0.041181 0.996168 43.351479 0.000000 0.000000 0.000000 1.000000
0.996611 -0.029145 -0.076922 3.376240 0.026455 0.999010 -0.035754 104.620293 0.077888 0.033597 0.996396 49.975945 0.000000 0.000000 0.000000 1.000000
0.996297 -0.042875 -0.074526 3.916883 0.041347 0.998904 -0.021925 104.922455 0.075385 0.018763 0.996978 56.993984 0.000000 0.000000 0.000000 1.000000
0.995451 -0.063374 -0.071143 4.618805 0.062635 0.997957 -0.012565 105.326653 0.071794 0.008052 0.997387 63.761101 0.000000 0.000000 0.000000 1.000000
0.994598 -0.085627 -0.058673 5.360480 0.085513 0.996327 -0.004454 106.002007 0.058839 -0.000587 0.998267 70.007919 0.000000 0.000000 0.000000 1.000000
0.992932 -0.106976 -0.051400 5.856304 0.107167 0.994241 0.000969 106.696472 0.051000 -0.006470 0.998678 75.686249 0.000000 0.000000 0.000000 1.000000
0.991775 -0.116161 -0.053750 6.072790 0.116434 0.993197 0.001957 107.511391 0.053156 -0.008200 0.998553 81.112633 0.000000 0.000000 0.000000 1.000000
0.991892 -0.112521 -0.059072 6.012731 0.112834 0.993612 0.001985 108.322342 0.058472 -0.008634 0.998252 86.505447 0.000000 0.000000 0.000000 1.000000
0.993460 -0.103972 -0.047200 5.809331 0.103832 0.994580 -0.005405 108.708290 0.047506 0.000468 0.998871 91.913315 0.000000 0.000000 0.000000 1.000000
0.996100 -0.085967 -0.019845 5.482499 0.085695 0.996220 -0.014201 108.904640 0.020990 0.012445 0.999702 97.481606 0.000000 0.000000 0.000000 1.000000
0.998176 -0.058598 0.014495 4.957612 0.058873 0.998078 -0.019369 108.905220 -0.013332 0.020187 0.999707 103.128151 0.000000 0.000000 0.000000 1.000000
0.998200 -0.037648 0.046690 4.471863 0.038570 0.999075 -0.018998 108.497467 -0.045932 0.020765 0.998729 108.982330 0.000000 0.000000 0.000000 1.000000
0.996294 -0.031699 0.079955 3.984367 0.032777 0.999388 -0.012206 107.524086 -0.079519 0.014781 0.996724 115.328850 0.000000 0.000000 0.000000 1.000000
0.992931 -0.030364 0.114740 3.545242 0.031656 0.999454 -0.009447 105.791199 -0.114391 0.013013 0.993351 121.646011 0.000000 0.000000 0.000000 1.000000
0.989780 -0.025021 0.140389 3.101462 0.025726 0.999664 -0.003206 104.712624 -0.140262 0.006785 0.990091 128.024307 0.000000 0.000000 0.000000 1.000000
0.988867 -0.012380 0.148288 2.641543 0.012039 0.999922 0.003199 104.493744 -0.148316 -0.001378 0.988939 134.437561 0.000000 0.000000 0.000000 1.000000
0.988523 -0.000337 0.151067 2.075993 -0.000932 0.999965 0.008335 104.766747 -0.151065 -0.008380 0.988488 140.954010 0.000000 0.000000 0.000000 1.000000
0.988256 0.016746 0.151885 1.417520 -0.018818 0.999748 0.012217 105.003502 -0.151643 -0.014931 0.988323 147.489441 0.000000 0.000000 0.000000 1.000000
0.988522 0.036966 0.146483 0.764550 -0.038942 0.999185 0.010644 105.305016 -0.145970 -0.016226 0.989156 153.600967 0.000000 0.000000 0.000000 1.000000
0.987863 0.059188 0.143610 0.290487 -0.060614 0.998146 0.005571 105.883057 -0.143014 -0.014209 0.989619 159.017288 0.000000 0.000000 0.000000 1.000000
0.985485 0.077233 0.151175 0.046779 -0.078284 0.996931 0.001003 107.132416 -0.150633 -0.012823 0.988507 164.118195 0.000000 0.000000 0.000000 1.000000
0.981857 0.082582 0.170693 0.002824 -0.084015 0.996464 0.001174 108.175499 -0.169992 -0.015494 0.985324 168.982834 0.000000 0.000000 0.000000 1.000000
0.981888 0.073716 0.174531 0.147112 -0.075693 0.997120 0.004690 108.841866 -0.173682 -0.017816 0.984641 173.901840 0.000000 0.000000 0.000000 1.000000</float_array>
        <technique_common>
          <accessor source="#mixamorig_Hips-Matrix-animation-output-transform-array" count="30" stride="16">
            <param type="float4x4"/>
          </accessor>
        </technique_common>
      </source>
      <source id="mixamorig_Hips-Interpolations">
        <Name_array id="mixamorig_Hips-Interpolations-array" count="30">
 LINEAR LINEAR LINEAR LINEAR LINEAR LINEAR LINEAR LINEAR LINEAR LINEAR LINEAR
LINEAR LINEAR LINEAR LINEAR LINEAR LINEAR LINEAR LINEAR LINEAR LINEAR LINEAR LINEAR
LINEAR LINEAR LINEAR LINEAR LINEAR LINEAR LINEAR</Name_array>
        <technique_common>
          <accessor source="#mixamorig_Hips-Interpolations-array" count="30">
            <param type="name"/>
          </accessor>
        </technique_common>
      </source>
      <sampler id="mixamorig_Hips-Matrix-animation-transform">
        <input semantic="INPUT" source="#mixamorig_Hips-Matrix-animation-input"/>
        <input semantic="OUTPUT" source="#mixamorig_Hips-Matrix-animation-output-transform"/>
        <input semantic="INTERPOLATION" source="#mixamorig_Hips-Interpolations"/>
      </sampler>
      <channel source="#mixamorig_Hips-Matrix-animation-transform" target="mixamorig_Hips/matrix"/>
    </animation>
    <animation id="mixamorig_Spine-anim" name="mixamorig_Spine">
      <source id="mixamorig_Spine-Matrix-animation-input">
        <float_array id="mixamorig_Spine-Matrix-animation-input-array" count="30">

0.000000 0.033333 0.066667 0.100000 0.133333 0.166667 0.200000 0.233333 0.266667 0.300000 0.333333 0.366667 0.400000 0.433333 0.466667 0.500000
0.533333 0.566667 0.600000 0.633333 0.666667 0.700000 0.733333 0.766667 0.800000 0.833333 0.866667 0.900000 0.933333 0.966667</float_array>
        <technique_common>
          <accessor source="#mixamorig_Spine-Matrix-animation-input-array" count="30">
            <param name="TIME" type="float"/>
          </accessor>
        </technique_common>
      </source>
      <source id="mixamorig_Spine-Matrix-animation-output-transform">
        <float_array id="mixamorig_Spine-Matrix-animation-output-transform-array" count="480">

0.998462 -0.052513 -0.017805 0.000000 0.053280 0.997530 0.045765 9.499800 0.015358 -0.046643 0.998794 -0.870900 0.000000 0.000000 0.000000 1.000000
0.999047 -0.042823 -0.008430 0.000000 0.043209 0.997677 0.052656 9.499800 0.006155 -0.052971 0.998577 -0.870900 0.000000 0.000000 0.000000 1.000000
0.999493 -0.031794 0.001684 0.000000 0.031632 0.997637 0.060998 9.499800 -0.003619 -0.060914 0.998136 -0.870900 0.000000 0.000000 0.000000 1.000000
0.999685 -0.023233 0.009450 -0.000000 0.022545 0.997475 0.067346 9.499800 -0.010990 -0.067112 0.997685 -0.870900 0.000000 0.000000 0.000000 1.000000
0.999605 -0.022832 0.016406 0.000000 0.021590 0.997155 0.072222 9.499800 -0.018008 -0.071840 0.997254 -0.870900 0.000000 0.000000 0.000000 1.000000
0.999017 -0.036646 0.024924 0.000000 0.034612 0.996379 0.077657 9.499800 -0.027680 -0.076718 0.996669 -0.870900 0.000000 0.000000 0.000000 1.000000
0.997957 -0.053639 0.034717 0.000000 0.050309 0.994620 0.090553 9.499800 -0.039388 -0.088622 0.995286 -0.870900 0.000000 0.000000 0.000000 1.000000
0.998124 -0.049536 0.035972 0.000000 0.046100 0.994803 0.090785 9.499800 -0.040282 -0.088957 0.995221 -0.870900 0.000000 0.000000 0.000000 1.000000
0.999240 -0.025244 0.029708 0.000000 0.022691 0.996265 0.083319 9.499800 -0.031701 -0.082581 0.996080 -0.870900 0.000000 0.000000 0.000000 1.000000
0.999620 -0.008974 0.026059 0.000000 0.006981 0.997115 0.075583 9.499800 -0.026662 -0.075373 0.996799 -0.870900 0.000000 0.000000 0.000000 1.000000
0.999741 0.003136 0.022562 -0.000000 -0.004555 0.997997 0.063094 9.499800 -0.022319 -0.063180 0.997753 -0.870900 0.000000 0.000000 0.000000 1.000000
0.999785 0.013590 0.015676 -0.000000 -0.014343 0.998697 0.048980 9.499800 -0.014990 -0.049195 0.998677 -0.870900 0.000000 0.000000 0.000000 1.000000
0.999668 0.022736 0.012137 0.000000 -0.023167 0.999061 0.036599 9.499800 -0.011294 -0.036868 0.999256 -0.870900 0.000000 0.000000 0.000000 1.000000
0.999690 0.022587 0.010455 0.000000 -0.022860 0.999378 0.026843 9.499800 -0.009842 -0.027074 0.999585 -0.870900 0.000000 0.000000 0.000000 1.000000
0.999800 0.018800 0.006825 -0.000000 -0.018935 0.999616 0.020244 9.499800 -0.006441 -0.020369 0.999772 -0.870900 0.000000 0.000000 0.000000 1.000000
0.999883 0.015246 -0.001295 0.000000 -0.015212 0.999610 0.023436 9.499800 0.001652 -0.023414 0.999724 -0.870900 0.000000 0.000000 0.000000 1.000000
0.999924 0.006083 -0.010716 0.000000 -0.005716 0.999410 0.033881 9.499800 0.010916 -0.033817 0.999368 -0.870900 0.000000 0.000000 0.000000 1.000000
0.999785 -0.006593 -0.019642 0.000000 0.007454 0.999001 0.044061 9.499800 0.019332 -0.044197 0.998836 -0.870900 0.000000 0.000000 0.000000 1.000000
0.999590 -0.009806 -0.026915 0.000000 0.011208 0.998560 0.052454 9.499800 0.026362 -0.052734 0.998261 -0.870900 0.000000 0.000000 0.000000 1.000000
0.999299 0.005334 -0.037052 0.000000 -0.003080 0.998156 0.060626 9.499800 0.037307 -0.060469 0.997473 -0.870900 0.000000 0.000000 0.000000 1.000000
0.998635 0.021685 -0.047515 0.000000 -0.018375 0.997446 0.069021 9.499800 0.048890 -0.068054 0.996483 -0.870900 0.000000 0.000000 0.000000 1.000000
0.998499 0.021158 -0.050514 -0.000000 -0.017786 0.997641 0.066299 9.499800 0.051797 -0.065301 0.996520 -0.870900 0.000000 0.000000 0.000000 1.000000
0.998921 0.003941 -0.046268 0.000000 -0.001039 0.998040 0.062578 9.499800 0.046424 -0.062462 0.996967 -0.870900 0.000000 0.000000 0.000000 1.000000
0.999017 -0.011124 -0.042899 -0.000000 0.013777 0.997977 0.062062 9.499800 0.042122 -0.062592 0.997150 -0.870900 0.000000 0.000000 0.000000 1.000000
0.998943 -0.022566 -0.040037 0.000000 0.024920 0.997929 0.059308 9.499800 0.038616 -0.060243 0.997437 -0.870900 0.000000 0.000000 0.000000 1.000000
0.998674 -0.037689 -0.035079 0.000000 0.039639 0.997607 0.056648 9.499800 0.032860 -0.057963 0.997778 -0.870900 0.000000 0.000000 0.000000 1.000000
0.998281 -0.050245 -0.030182 0.000000 0.051868 0.997103 0.055642 9.499800 0.027298 -0.057112 0.997994 -0.870900 0.000000 0.000000 0.000000 1.000000
0.998069 -0.055550 -0.027811 0.000000 0.057095 0.996667 0.058265 9.499800 0.024481 -0.059741 0.997914 -0.870900 0.000000 0.000000 0.000000 1.000000
0.998109 -0.056353 -0.024547 -0.000000 0.057560 0.997006 0.051632 9.499800 0.021564 -0.052948 0.998364 -0.870900 0.000000 0.000000 0.000000 1.000000
0.998461 -0.052513 -0.017805 -0.000000 0.053280 0.997530 0.045765 9.499800 0.015358 -0.046643 0.998794 -0.870900 0.000000 0.000000 0.000000 1.000000</float_array>
        <technique_common>
          <accessor source="#mixamorig_Spine-Matrix-animation-output-transform-array" count="30" stride="16">
            <param type="float4x4"/>
          </accessor>
        </technique_common>
      </source>
      <source id="mixamorig_Spine-Interpolations">
        <Name_array id="mixamorig_Spine-Interpolations-array" count="30">
 LINEAR LINEAR LINEAR LINEAR LINEAR LINEAR LINEAR LINEAR LINEAR LINEAR LINEAR
LINEAR LINEAR LINEAR LINEAR LINEAR LINEAR LINEAR LINEAR LINEAR LINEAR LINEAR LINEAR
LINEAR LINEAR LINEAR LINEAR LINEAR LINEAR LINEAR</Name_array>
        <technique_common>
          <accessor source="#mixamorig_Spine-Interpolations-array" count="30">
            <param type="name"/>
          </accessor>
        </technique_common>
      </source>
      <sampler id="mixamorig_Spine-Matrix-animation-transform">
        <input semantic="INPUT" source="#mixamorig_Spine-Matrix-animation-input"/>
        <input semantic="OUTPUT" source="#mixamorig_Spine-Matrix-animation-output-transform"/>
        <input semantic="INTERPOLATION" source="#mixamorig_Spine-Interpolations"/>
      </sampler>
      <channel source="#mixamorig_Spine-Matrix-animation-transform" target="mixamorig_Spine/matrix"/>
    </animation>
    <animation id="mixamorig_Spine1-anim" name="mixamorig_Spine1">
      <source id="mixamorig_Spine1-Matrix-animation-input">
        <float_array id="mixamorig_Spine1-Matrix-animation-input-array" count="30">

0.000000 0.033333 0.066667 0.100000 0.133333 0.166667 0.200000 0.233333 0.266667 0.300000 0.333333 0.366667 0.400000 0.433333 0.466667 0.500000
0.533333 0.566667 0.600000 0.633333 0.666667 0.700000 0.733333 0.766667 0.800000 0.833333 0.866667 0.900000 0.933333 0.966667</float_array>
        <technique_common>
          <accessor source="#mixamorig_Spine1-Matrix-animation-input-array" count="30">
            <param name="TIME" type="float"/>
          </accessor>
        </technique_common>
      </source>
      <source id="mixamorig_Spine1-Matrix-animation-output-transform">
        <float_array id="mixamorig_Spine1-Matrix-animation-output-transform-array" count="480">

0.999100 -0.011061 -0.040941 0.000000 0.009885 0.999536 -0.028809 11.129600 0.041240 0.028379 0.998746 -0.000000 0.000000 0.000000 0.000000 1.000000
0.999750 -0.002952 -0.022175 0.000000 0.002441 0.999732 -0.023021 11.129600 0.022237 0.022961 0.999489 0.000000 0.000000 0.000000 0.000000 1.000000
0.999999 0.000304 -0.001212 0.000000 -0.000329 0.999785 -0.020756 11.129600 0.001205 0.020756 0.999784 0.000000 0.000000 0.000000 0.000000 1.000000
0.999857 0.007968 0.014883 0.000000 -0.007686 0.999792 -0.018897 11.129600 -0.015030 0.018779 0.999711 0.000000 0.000000 0.000000 0.000000 1.000000
0.999494 0.014096 0.028526 0.000000 -0.013443 0.999646 -0.022956 11.129600 -0.028839 0.022560 0.999329 -0.000000 0.000000 0.000000 0.000000 1.000000
0.999107 0.020386 0.036995 0.000000 -0.019249 0.999339 -0.030836 11.129600 -0.037599 0.030097 0.998840 0.000000 0.000000 0.000000 0.000000 1.000000
0.998713 0.026524 0.043225 0.000000 -0.024837 0.998926 -0.039105 11.129600 -0.044216 0.037981 0.998300 0.000000 0.000000 0.000000 0.000000 1.000000
0.998458 0.026223 0.048923 0.000000 -0.024412 0.999007 -0.037268 11.129600 -0.049852 0.036016 0.998107 0.000000 0.000000 0.000000 0.000000 1.000000
0.998472 0.021968 0.050704 0.000000 -0.020415 0.999313 -0.030944 11.129600 -0.051349 0.029862 0.998234 0.000000 0.000000 0.000000 0.000000 1.000000
0.998580 0.019949 0.049389 0.000000 -0.018697 0.999495 -0.025685 11.129600 -0.049877 0.024725 0.998449 -0.000000 0.000000 0.000000 0.000000 1.000000
0.998739 0.023705 0.044248 0.000000 -0.022872 0.999553 -0.019240 11.129600 -0.044684 0.018204 0.998835 0.000000 0.000000 0.000000 0.000000 1.000000
0.999013 0.027802 0.034651 -0.000000 -0.027163 0.999455 -0.018762 11.129600 -0.035154 0.017802 0.999223 0.000000 0.000000 0.000000 0.000000 1.000000
0.999132 0.032086 0.026575 0.000000 -0.031492 0.999251 -0.022478 11.129600 -0.027276 0.021622 0.999394 0.000000 0.000000 0.000000 0.000000 1.000000
0.999165 0.034789 0.021415 0.000000 -0.034262 0.999112 -0.024524 11.129600 -0.022249 0.023770 0.999470 -0.000000 0.000000 0.000000 0.000000 1.000000
0.999411 0.031712 0.013114 0.000000 -0.031370 0.999182 -0.025501 11.129600 -0.013912 0.025075 0.999589 0.000000 0.000000 0.000000 0.000000 1.000000
0.999626 0.027194 -0.002937 0.000000 -0.027256 0.999345 -0.023805 11.129600 0.002288 0.023876 0.999712 0.000000 0.000000 0.000000 0.000000 1.000000
0.999510 0.022245 -0.022017 0.000000 -0.022785 0.999438 -0.024589 11.129600 0.021457 0.025079 0.999455 0.000000 0.000000 0.000000 0.000000 1.000000
0.999036 0.016917 -0.040498 0.000000 -0.018078 0.999431 -0.028471 11.129600 0.039993 0.029175 0.998774 -0.000000 0.000000 0.000000 0.000000 1.000000
0.998482 0.009347 -0.054280 0.000000 -0.011380 0.999240 -0.037276 11.129600 0.053890 0.037837 0.997830 0.000000 0.000000 0.000000 0.000000 1.000000
0.997916 -0.001261 -0.064508 0.000000 -0.001925 0.998782 -0.049296 11.129600 0.064491 0.049318 0.996699 -0.000000 0.000000 0.000000 0.000000 1.000000
0.997181 -0.009705 -0.074406 0.000000 0.005398 0.998309 -0.057878 11.129600 0.074842 0.057313 0.995547 0.000000 0.000000 0.000000 0.000000 1.000000
0.996635 -0.010236 -0.081324 0.000000 0.005662 0.998399 -0.056280 11.129600 0.081769 0.055630 0.995098 0.000000 0.000000 0.000000 0.000000 1.000000
0.996458 -0.004994 -0.083944 0.000000 0.000818 0.998764 -0.049700 11.129600 0.084088 0.049455 0.995230 0.000000 0.000000 0.000000 0.000000 1.000000
0.996339 0.000113 -0.085489 -0.000000 -0.003682 0.999128 -0.041584 11.129600 0.085410 0.041746 0.995471 0.000000 0.000000 0.000000 0.000000 1.000000
0.996600 -0.002198 -0.082362 0.000000 -0.000601 0.999423 -0.033948 11.129600 0.082389 0.033882 0.996024 0.000000 0.000000 0.000000 0.000000 1.000000
0.996973 -0.004225 -0.077637 0.000000 0.002082 0.999615 -0.027666 11.129600 0.077724 0.027420 0.996598 -0.000000 0.000000 0.000000 0.000000 1.000000
0.997452 -0.010889 -0.070501 0.000000 0.009008 0.999597 -0.026938 11.129600 0.070765 0.026235 0.997148 0.000000 0.000000 0.000000 0.000000 1.000000
0.997806 -0.019051 -0.063403 0.000000 0.017140 0.999386 -0.030549 11.129600 0.063946 0.029395 0.997520 0.000000 0.000000 0.000000 0.000000 1.000000
0.998294 -0.020301 -0.054750 0.000000 0.018671 0.999372 -0.030121 11.129600 0.055327 0.029047 0.998046 0.000000 0.000000 0.000000 0.000000 1.000000
0.999100 -0.011061 -0.040941 -0.000000 0.009885 0.999536 -0.028809 11.129600 0.041240 0.028379 0.998746 0.000000 0.000000 0.000000 0.000000 1.000000</float_array>
        <technique_common>
          <accessor source="#mixamorig_Spine1-Matrix-animation-output-transform-array" count="30" stride="16">
            <param type="float4x4"/>
          </accessor>
        </technique_common>
      </source>
      <source id="mixamorig_Spine1-Interpolations">
        <Name_array id="mixamorig_Spine1-Interpolations-array" count="30">
 LINEAR LINEAR LINEAR LINEAR LINEAR LINEAR LINEAR LINEAR LINEAR LINEAR LINEAR
LINEAR LINEAR LINEAR LINEAR LINEAR LINEAR LINEAR LINEAR LINEAR LINEAR LINEAR LINEAR
LINEAR LINEAR LINEAR LINEAR LINEAR LINEAR LINEAR</Name_array>
        <technique_common>
          <accessor source="#mixamorig_Spine1-Interpolations-array" count="30">
            <param type="name"/>
          </accessor>
        </technique_common>
      </source>
      <sampler id="mixamorig_Spine1-Matrix-animation-transform">
        <input semantic="INPUT" source="#mixamorig_Spine1-Matrix-animation-input"/>
        <input semantic="OUTPUT" source="#mixamorig_Spine1-Matrix-animation-output-transform"/>
        <input semantic="INTERPOLATION" source="#mixamorig_Spine1-Interpolations"/>
      </sampler>
      <channel source="#mixamorig_Spine1-Matrix-animation-transform" target="mixamorig_Spine1/matrix"/>
    </animation>
    <animation id="mixamorig_Spine2-anim" name="mixamorig_Spine2">
      <source id="mixamorig_Spine2-Matrix-animation-input">
        <float_array id="mixamorig_Spine2-Matrix-animation-input-array" count="30">

0.000000 0.033333 0.066667 0.100000 0.133333 0.166667 0.200000 0.233333 0.266667 0.300000 0.333333 0.366667 0.400000 0.433333 0.466667 0.500000
0.533333 0.566667 0.600000 0.633333 0.666667 0.700000 0.733333 0.766667 0.800000 0.833333 0.866667 0.900000 0.933333 0.966667</float_array>
        <technique_common>
          <accessor source="#mixamorig_Spine2-Matrix-animation-input-array" count="30">
            <param name="TIME" type="float"/>
          </accessor>
        </technique_common>
      </source>
      <source id="mixamorig_Spine2-Matrix-animation-output-transform">
        <float_array id="mixamorig_Spine2-Matrix-animation-output-transform-array" count="480">

0.999195 -0.000735 -0.040106 0.000000 0.002783 0.998693 0.051038 12.719500 0.040016 -0.051108 0.997891 0.000000 0.000000 0.000000 0.000000 1.000000
0.999754 0.006904 -0.021088 0.000000 -0.005711 0.998407 0.056139 12.719500 0.021442 -0.056005 0.998200 0.000000 0.000000 0.000000 0.000000 1.000000
0.999955 0.009483 -0.000202 0.000000 -0.009456 0.998285 0.057771 12.719500 0.000750 -0.057766 0.998330 0.000000 0.000000 0.000000 0.000000 1.000000
0.999733 0.016451 0.016201 -0.000000 -0.017384 0.998093 0.059233 12.719500 -0.015195 -0.059499 0.998113 0.000000 0.000000 0.000000 0.000000 1.000000
0.999304 0.021828 0.030252 0.000000 -0.023463 0.998224 0.054761 12.719500 -0.029003 -0.055433 0.998041 -0.000000 0.000000 0.000000 0.000000 1.000000
0.998849 0.027483 0.039323 -0.000000 -0.029301 0.998492 0.046432 12.719500 -0.037988 -0.047531 0.998147 0.000000 0.000000 0.000000 0.000000 1.000000
0.998388 0.032800 0.046319 0.000000 -0.034561 0.998690 0.037734 12.719500 -0.045021 -0.039274 0.998214 0.000000 0.000000 0.000000 0.000000 1.000000
0.998132 0.032070 0.051995 0.000000 -0.034138 0.998641 0.039390 12.719500 -0.050662 -0.041091 0.997870 -0.000000 0.000000 0.000000 0.000000 1.000000
0.998201 0.027968 0.053029 0.000000 -0.030422 0.998476 0.046052 12.719500 -0.051660 -0.047583 0.997531 -0.000000 0.000000 0.000000 0.000000 1.000000
0.998341 0.026327 0.051201 -0.000000 -0.028975 0.998243 0.051686 12.719500 -0.049750 -0.053084 0.997350 0.000000 0.000000 0.000000 0.000000 1.000000
0.998475 0.030782 0.045836 0.000000 -0.033442 0.997731 0.058434 12.719500 -0.043933 -0.059878 0.997238 0.000000 0.000000 0.000000 0.000000 1.000000
0.998724 0.035594 0.035814 0.000000 -0.037675 0.997533 0.059232 12.719500 -0.033617 -0.060506 0.997602 0.000000 0.000000 0.000000 0.000000 1.000000
0.998809 0.040304 0.027501 0.000000 -0.041786 0.997576 0.055635 12.719500 -0.025192 -0.056718 0.998072 -0.000000 0.000000 0.000000 0.000000 1.000000
0.998815 0.043232 0.022371 0.000000 -0.044378 0.997579 0.053537 12.719500 -0.020003 -0.054467 0.998315 0.000000 0.000000 0.000000 0.000000 1.000000
0.999087 0.040346 0.014027 0.000000 -0.041031 0.997771 0.052620 12.719500 -0.011873 -0.053147 0.998516 -0.000000 0.000000 0.000000 0.000000 1.000000
0.999346 0.036097 -0.001951 0.000000 -0.035937 0.997863 0.054571 12.719500 0.003917 -0.054465 0.998508 0.000000 0.000000 0.000000 0.000000 1.000000
0.999282 0.031696 -0.020776 0.000000 -0.030531 0.998064 0.054179 12.719500 0.022453 -0.053506 0.998315 0.000000 0.000000 0.000000 0.000000 1.000000
0.998865 0.027224 -0.039091 0.000000 -0.025220 0.998387 0.050862 12.719500 0.040412 -0.049819 0.997940 0.000000 0.000000 0.000000 0.000000 1.000000
0.998368 0.020657 -0.053247 0.000000 -0.018415 0.998937 0.042249 12.719500 0.054063 -0.041200 0.997687 0.000000 0.000000 0.000000 0.000000 1.000000
0.997872 0.011136 -0.064247 0.000000 -0.009229 0.999510 0.029894 12.719500 0.064549 -0.029237 0.997486 0.000000 0.000000 0.000000 0.000000 1.000000
0.997196 0.003911 -0.074729 -0.000000 -0.002360 0.999780 0.020836 12.719500 0.074794 -0.020601 0.996986 0.000000 0.000000 0.000000 0.000000 1.000000
0.996655 0.003640 -0.081638 0.000000 -0.001824 0.999749 0.022308 12.719500 0.081699 -0.022084 0.996412 0.000000 0.000000 0.000000 0.000000 1.000000
0.996446 0.008732 -0.083781 0.000000 -0.006288 0.999548 0.029385 12.719500 0.084000 -0.028754 0.996051 0.000000 0.000000 0.000000 0.000000 1.000000
0.996303 0.013695 -0.084815 0.000000 -0.010496 0.999220 0.038056 12.719500 0.085270 -0.037025 0.995670 -0.000000 0.000000 0.000000 0.000000 1.000000
0.996611 0.010807 -0.081541 -0.000000 -0.007054 0.998908 0.046175 12.719500 0.081951 -0.045443 0.995600 0.000000 0.000000 0.000000 0.000000 1.000000
0.997044 0.008185 -0.076401 -0.000000 -0.004112 0.998569 0.053319 12.719500 0.076728 -0.052847 0.995651 0.000000 0.000000 0.000000 0.000000 1.000000
0.997595 0.001109 -0.069307 0.000000 0.002668 0.998517 0.054371 12.719500 0.069264 -0.054425 0.996113 -0.000000 0.000000 0.000000 0.000000 1.000000
0.998001 -0.007141 -0.062792 0.000000 0.010319 0.998675 0.050419 12.719500 0.062349 -0.050966 0.996752 0.000000 0.000000 0.000000 0.000000 1.000000
0.998484 -0.009150 -0.054284 0.000000 0.011884 0.998666 0.050258 12.719500 0.053751 -0.050827 0.997260 -0.000000 0.000000 0.000000 0.000000 1.000000
0.999195 -0.000735 -0.040106 -0.000000 0.002783 0.998693 0.051038 12.719500 0.040016 -0.051108 0.997891 0.000000 0.000000 0.000000 0.000000 1.000000</float_array>
        <technique_common>
          <accessor source="#mixamorig_Spine2-Matrix-animation-output-transform-array" count="30" stride="16">
            <param type="float4x4"/>
          </accessor>
        </technique_common>
      </source>
      <source id="mixamorig_Spine2-Interpolations">
        <Name_array id="mixamorig_Spine2-Interpolations-array" count="30">
 LINEAR LINEAR LINEAR LINEAR LINEAR LINEAR LINEAR LINEAR LINEAR LINEAR LINEAR
LINEAR LINEAR LINEAR LINEAR LINEAR LINEAR LINEAR LINEAR LINEAR LINEAR LINEAR LINEAR
LINEAR LINEAR LINEAR LINEAR LINEAR LINEAR LINEAR</Name_array>
        <technique_common>
          <accessor source="#mixamorig_Spine2-Interpolations-array" count="30">
            <param type="name"/>
          </accessor>
        </technique_common>
      </source>
      <sampler id="mixamorig_Spine2-Matrix-animation-transform">
        <input semantic="INPUT" source="#mixamorig_Spine2-Matrix-animation-input"/>
        <input semantic="OUTPUT" source="#mixamorig_Spine2-Matrix-animation-output-transform"/>
        <input semantic="INTERPOLATION" source="#mixamorig_Spine2-Interpolations"/>
      </sampler>
      <channel source="#mixamorig_Spine2-Matrix-animation-transform" target="mixamorig_Spine2/matrix"/>
    </animation>
    <animation id="mixamorig_Neck-anim" name="mixamorig_Neck">
      <source id="mixamorig_Neck-Matrix-animation-input">
        <float_array id="mixamorig_Neck-Matrix-animation-input-array" count="30">

0.000000 0.033333 0.066667 0.100000 0.133333 0.166667 0.200000 0.233333 0.266667 0.300000 0.333333 0.366667 0.400000 0.433333 0.466667 0.500000
0.533333 0.566667 0.600000 0.633333 0.666667 0.700000 0.733333 0.766667 0.800000 0.833333 0.866667 0.900000 0.933333 0.966667</float_array>
        <technique_common>
          <accessor source="#mixamorig_Neck-Matrix-animation-input-array" count="30">
            <param name="TIME" type="float"/>
          </accessor>
        </technique_common>
      </source>
      <source id="mixamorig_Neck-Matrix-animation-output-transform">
        <float_array id="mixamorig_Neck-Matrix-animation-output-transform-array" count="480">

0.999651 0.017169 -0.020092 0.000000 -0.017819 0.999309 -0.032633 14.309400 0.019517 0.032979 0.999265 0.000000 0.000000 0.000000 0.000000 1.000000
0.999657 0.012774 -0.022852 0.000000 -0.013689 0.999091 -0.040360 14.309400 0.022316 0.040659 0.998924 -0.000000 0.000000 0.000000 0.000000 1.000000
0.999580 0.019045 -0.021836 -0.000000 -0.019843 0.999121 -0.036924 14.309400 0.021113 0.037342 0.999079 0.000000 0.000000 0.000000 0.000000 1.000000
0.999497 0.026028 -0.018133 0.000000 -0.026570 0.999188 -0.030278 14.309400 0.017331 0.030745 0.999377 0.000000 0.000000 0.000000 0.000000 1.000000
0.999148 0.039470 -0.012017 -0.000000 -0.039698 0.999024 -0.019384 14.309400 0.011240 0.019845 0.999740 0.000000 0.000000 0.000000 0.000000 1.000000
0.998739 0.049698 -0.007127 0.000000 -0.049753 0.998731 -0.007778 14.309400 0.006731 0.008123 0.999944 0.000000 0.000000 0.000000 0.000000 1.000000
0.998585 0.052922 -0.005308 0.000000 -0.052928 0.998598 -0.000878 14.309400 0.005254 0.001158 0.999986 0.000000 0.000000 0.000000 0.000000 1.000000
0.998641 0.051890 -0.004908 0.000000 -0.051898 0.998651 -0.001501 14.309400 0.004824 0.001754 0.999987 0.000000 0.000000 0.000000 0.000000 1.000000
0.998876 0.047037 -0.005929 0.000000 -0.047082 0.998861 -0.007786 14.309400 0.005556 0.008056 0.999952 -0.000000 0.000000 0.000000 0.000000 1.000000
0.999116 0.041379 -0.007393 -0.000000 -0.041469 0.999062 -0.012448 14.309400 0.006871 0.012743 0.999895 0.000000 0.000000 0.000000 0.000000 1.000000
0.999164 0.040216 -0.007352 -0.000000 -0.040310 0.999101 -0.013134 14.309400 0.006817 0.013419 0.999887 0.000000 0.000000 0.000000 0.000000 1.000000
0.998930 0.046016 -0.004576 0.000000 -0.046054 0.998903 -0.008533 14.309400 0.004178 0.008735 0.999953 0.000000 0.000000 0.000000 0.000000 1.000000
0.998565 0.053524 -0.001513 0.000000 -0.053527 0.998565 -0.001874 14.309400 0.001410 0.001952 0.999997 0.000000 0.000000 0.000000 0.000000 1.000000
0.998250 0.059115 0.001656 0.000000 -0.059111 0.998249 -0.002305 14.309400 -0.001789 0.002203 0.999996 0.000000 0.000000 0.000000 0.000000 1.000000
0.998143 0.060620 0.005966 -0.000000 -0.060571 0.998130 -0.008185 14.309400 -0.006451 0.007809 0.999949 0.000000 0.000000 0.000000 0.000000 1.000000
0.998240 0.058502 0.009737 0.000000 -0.058319 0.998132 -0.018182 14.309400 -0.010783 0.017582 0.999787 -0.000000 0.000000 0.000000 0.000000 1.000000
0.998424 0.054899 0.011667 0.000000 -0.054587 0.998180 -0.025619 14.309400 -0.013052 0.024942 0.999604 0.000000 0.000000 0.000000 0.000000 1.000000
0.998900 0.045869 0.009752 0.000000 -0.045600 0.998616 -0.026205 14.309400 -0.010941 0.025731 0.999609 0.000000 0.000000 0.000000 0.000000 1.000000
0.999237 0.038482 0.006669 0.000000 -0.038351 0.999088 -0.018778 14.309400 -0.007385 0.018508 0.999801 0.000000 0.000000 0.000000 0.000000 1.000000
0.999424 0.033748 0.003636 0.000000 -0.033728 0.999416 -0.005546 14.309400 -0.003821 0.005420 0.999978 0.000000 0.000000 0.000000 0.000000 1.000000
0.999544 0.030172 0.001134 0.000000 -0.030178 0.999529 0.005501 14.309400 -0.000967 -0.005533 0.999984 0.000000 0.000000 0.000000 0.000000 1.000000
0.999581 0.028917 -0.000810 0.000000 -0.028913 0.999569 0.005182 14.309400 0.000959 -0.005157 0.999986 0.000000 0.000000 0.000000 0.000000 1.000000
0.999545 0.030134 -0.001203 0.000000 -0.030140 0.999535 -0.004605 14.309400 0.001064 0.004639 0.999989 0.000000 0.000000 0.000000 0.000000 1.000000
0.999470 0.032544 0.000049 0.000000 -0.032540 0.999391 -0.012606 14.309400 -0.000459 0.012598 0.999921 0.000000 0.000000 0.000000 0.000000 1.000000
0.999305 0.037272 0.000964 0.000000 -0.037255 0.999212 -0.013696 14.309400 -0.001473 0.013651 0.999906 0.000000 0.000000 0.000000 0.000000 1.000000
0.999280 0.037935 0.000671 0.000000 -0.037918 0.999144 -0.016539 14.309400 -0.001298 0.016502 0.999863 0.000000 0.000000 0.000000 0.000000 1.000000
0.999305 0.037254 -0.001210 -0.000000 -0.037268 0.999191 -0.015099 14.309400 0.000647 0.015133 0.999885 0.000000 0.000000 0.000000 0.000000 1.000000
0.999437 0.033139 -0.005167 0.000000 -0.033221 0.999308 -0.016741 14.309400 0.004609 0.016903 0.999847 0.000000 0.000000 0.000000 0.000000 1.000000
0.999485 0.029992 -0.011399 0.000000 -0.030233 0.999311 -0.021516 14.309400 0.010745 0.021849 0.999704 -0.000000 0.000000 0.000000 0.000000 1.000000
0.999651 0.017169 -0.020092 -0.000000 -0.017819 0.999309 -0.032633 14.309400 0.019517 0.032979 0.999265 0.000000 0.000000 0.000000 0.000000 1.000000</float_array>
        <technique_common>
          <accessor source="#mixamorig_Neck-Matrix-animation-output-transform-array" count="30" stride="16">
            <param type="float4x4"/>
          </accessor>
        </technique_common>
      </source>
      <source id="mixamorig_Neck-Interpolations">
        <Name_array id="mixamorig_Neck-Interpolations-array" count="30">
 LINEAR LINEAR LINEAR LINEAR LINEAR LINEAR LINEAR LINEAR LINEAR LINEAR LINEAR
LINEAR LINEAR LINEAR LINEAR LINEAR LINEAR LINEAR LINEAR LINEAR LINEAR LINEAR LINEAR
LINEAR LINEAR LINEAR LINEAR LINEAR LINEAR LINEAR</Name_array>
        <technique_common>
          <accessor source="#mixamorig_Neck-Interpolations-array" count="30">
            <param type="name"/>
          </accessor>
        </technique_common>
      </source>
      <sampler id="mixamorig_Neck-Matrix-animation-transform">
        <input semantic="INPUT" source="#mixamorig_Neck-Matrix-animation-input"/>
        <input semantic="OUTPUT" source="#mixamorig_Neck-Matrix-animation-output-transform"/>
        <input semantic="INTERPOLATION" source="#mixamorig_Neck-Interpolations"/>
      </sampler>
      <channel source="#mixamorig_Neck-Matrix-animation-transform" target="mixamorig_Neck/matrix"/>
    </animation>
    <animation id="mixamorig_Head-anim" name="mixamorig_Head">
      <source id="mixamorig_Head-Matrix-animation-input">
        <float_array id="mixamorig_Head-Matrix-animation-input-array" count="30">

0.000000 0.033333 0.066667 0.100000 0.133333 0.166667 0.200000 0.233333 0.266667 0.300000 0.333333 0.366667 0.400000 0.433333 0.466667 0.500000
0.533333 0.566667 0.600000 0.633333 0.666667 0.700000 0.733333 0.766667 0.800000 0.833333 0.866667 0.900000 0.933333 0.966667</float_array>
        <technique_common>
          <accessor source="#mixamorig_Head-Matrix-animation-input-array" count="30">
            <param name="TIME" type="float"/>
          </accessor>
        </technique_common>
      </source>
      <source id="mixamorig_Head-Matrix-animation-output-transform">
        <float_array id="mixamorig_Head-Matrix-animation-output-transform-array" count="480">

0.997739 -0.005402 -0.066997 -0.000000 0.006991 0.999699 0.023496 4.495500 0.066850 -0.023911 0.997476 1.417400 0.000000 0.000000 0.000000 1.000000
0.997133 -0.014698 -0.074225 0.000000 0.015232 0.999862 0.006634 4.495500 0.074117 -0.007745 0.997219 1.417400 0.000000 0.000000 0.000000 1.000000
0.996778 -0.016717 -0.078449 0.000000 0.016540 0.999859 -0.002910 4.495500 0.078486 0.001603 0.996914 1.417400 0.000000 0.000000 0.000000 1.000000
0.997361 -0.013776 -0.071277 0.000000 0.013481 0.999898 -0.004614 4.495500 0.071334 0.003640 0.997446 1.417400 0.000000 0.000000 0.000000 1.000000
0.997983 -0.007778 -0.062996 0.000000 0.007746 0.999970 -0.000751 4.495500 0.063000 0.000262 0.998014 1.417400 0.000000 0.000000 0.000000 1.000000
0.998450 -0.001014 -0.055649 0.000000 0.001473 0.999965 0.008198 4.495500 0.055639 -0.008268 0.998417 1.417400 0.000000 0.000000 0.000000 1.000000
0.998653 0.008668 -0.051160 0.000000 -0.007715 0.999793 0.018810 4.495500 0.051313 -0.018390 0.998513 1.417400 0.000000 0.000000 0.000000 1.000000
0.998745 0.018962 -0.046357 0.000000 -0.018217 0.999699 0.016442 4.495500 0.046655 -0.015577 0.998790 1.417400 0.000000 0.000000 0.000000 1.000000
0.998765 0.025933 -0.042384 0.000000 -0.025758 0.999657 0.004687 4.495500 0.042491 -0.003589 0.999090 1.417400 0.000000 0.000000 0.000000 1.000000
0.998939 0.022368 -0.040254 0.000000 -0.022763 0.999697 -0.009374 4.495500 0.040032 0.010281 0.999146 1.417400 0.000000 0.000000 0.000000 1.000000
0.999106 0.017086 -0.038668 -0.000000 -0.017586 0.999766 -0.012608 4.495500 0.038443 0.013277 0.999173 1.417400 0.000000 0.000000 0.000000 1.000000
0.999299 0.010978 -0.035798 0.000000 -0.010994 0.999940 -0.000265 4.495500 0.035793 0.000658 0.999359 1.417400 0.000000 0.000000 0.000000 1.000000
0.999393 0.004343 -0.034556 -0.000000 -0.003813 0.999875 0.015376 4.495500 0.034618 -0.015235 0.999284 1.417400 0.000000 0.000000 0.000000 1.000000
0.999565 0.005218 -0.029040 0.000000 -0.004422 0.999614 0.027420 4.495500 0.029172 -0.027280 0.999202 1.417400 0.000000 0.000000 0.000000 1.000000
0.999840 0.014446 -0.010534 0.000000 -0.014092 0.999357 0.032967 4.495500 0.011004 -0.032813 0.999401 1.417400 0.000000 0.000000 0.000000 1.000000
0.999685 0.022379 0.011401 -0.000000 -0.022738 0.999216 0.032394 4.495500 -0.010667 -0.032643 0.999410 1.417400 0.000000 0.000000 0.000000 1.000000
0.999347 0.024340 0.026703 0.000000 -0.025042 0.999341 0.026286 4.495500 -0.026046 -0.026937 0.999298 1.417400 0.000000 0.000000 0.000000 1.000000
0.999236 0.022042 0.032273 0.000000 -0.022816 0.999456 0.023825 4.495500 -0.031730 -0.024543 0.999195 1.417400 0.000000 0.000000 0.000000 1.000000
0.999407 0.017363 0.029741 0.000000 -0.018162 0.999476 0.026788 4.495500 -0.029261 -0.027312 0.999199 1.417400 0.000000 0.000000 0.000000 1.000000
0.999616 0.014396 0.023694 0.000000 -0.015265 0.999203 0.036884 4.495500 -0.023144 -0.037232 0.999039 1.417400 0.000000 0.000000 0.000000 1.000000
0.999763 0.011704 0.018369 0.000000 -0.012483 0.999001 0.042898 4.495500 -0.017849 -0.043117 0.998911 1.417400 0.000000 0.000000 0.000000 1.000000
0.999917 0.006938 0.010828 0.000000 -0.007361 0.999191 0.039528 4.495500 -0.010545 -0.039604 0.999160 1.417400 0.000000 0.000000 0.000000 1.000000
0.999978 0.003281 0.005840 -0.000000 -0.003452 0.999561 0.029418 4.495500 -0.005740 -0.029438 0.999550 1.417400 0.000000 0.000000 0.000000 1.000000
0.999973 0.001334 0.007247 0.000000 -0.001429 0.999912 0.013168 4.495500 -0.007229 -0.013178 0.999887 1.417400 0.000000 0.000000 0.000000 1.000000
0.999971 0.005869 0.004864 0.000000 -0.005863 0.999982 -0.001285 4.495500 -0.004871 0.001256 0.999987 1.417400 0.000000 0.000000 0.000000 1.000000
0.999857 0.016572 0.003437 0.000000 -0.016579 0.999861 0.001981 4.495500 -0.003404 -0.002038 0.999992 1.417400 0.000000 0.000000 0.000000 1.000000
0.999717 0.023529 -0.003611 0.000000 -0.023483 0.999649 0.012286 4.495500 0.003899 -0.012197 0.999918 1.417400 0.000000 0.000000 0.000000 1.000000
0.999628 0.021981 -0.016146 -0.000000 -0.021667 0.999577 0.019388 4.495500 0.016565 -0.019031 0.999682 1.417400 0.000000 0.000000 0.000000 1.000000
0.999041 0.008367 -0.042982 0.000000 -0.007396 0.999715 0.022699 4.495500 0.043160 -0.022360 0.998818 1.417400 0.000000 0.000000 0.000000 1.000000
0.997739 -0.005402 -0.066997 -0.000000 0.006991 0.999699 0.023496 4.495500 0.066850 -0.023911 0.997476 1.417400 0.000000 0.000000 0.000000 1.000000</float_array>
        <technique_common>
          <accessor source="#mixamorig_Head-Matrix-animation-output-transform-array" count="30" stride="16">
            <param type="float4x4"/>
          </accessor>
        </technique_common>
      </source>
      <source id="mixamorig_Head-Interpolations">
        <Name_array id="mixamorig_Head-Interpolations-array" count="30">
 LINEAR LINEAR LINEAR LINEAR LINEAR LINEAR LINEAR LINEAR LINEAR LINEAR LINEAR
LINEAR LINEAR LINEAR LINEAR LINEAR LINEAR LINEAR LINEAR LINEAR LINEAR LINEAR LINEAR
LINEAR LINEAR LINEAR LINEAR LINEAR LINEAR LINEAR</Name_array>
        <technique_common>
          <accessor source="#mixamorig_Head-Interpolations-array" count="30">
            <param type="name"/>
          </accessor>
        </technique_common>
      </source>
      <sampler id="mixamorig_Head-Matrix-animation-transform">
        <input semantic="INPUT" source="#mixamorig_Head-Matrix-animation-input"/>
        <input semantic="OUTPUT" source="#mixamorig_Head-Matrix-animation-output-transform"/>
        <input semantic="INTERPOLATION" source="#mixamorig_Head-Interpolations"/>
