<?xml version="1.0" encoding="utf-8"?>
<COLLADA xmlns="http://www.collada.org/2005/11/COLLADASchema" version="1.4.1">
  <asset>
    <contributor>
      <author>Mixamo</author>
      <authoring_tool>COLLADA Mixamo exporter</authoring_tool>
      <comments/>
    </contributor>
    <created>2023-03-13T05:33:06Z</created>
    <modified>2023-03-13T05:33:06Z</modified>
    <revision/>
    <title/>
    <unit meter="0.010000"/>
    <up_axis>Y_UP</up_axis>
  </asset>
  <library_animations>
    <animation id="mixamorig_Hips-anim" name="mixamorig_Hips">
      <source id="mixamorig_Hips-Matrix-animation-input">
        <float_array id="mixamorig_Hips-Matrix-animation-input-array" count="31">

0.000000 0.033333 0.066667 0.100000 0.133333 0.166667 0.200000 0.233333 0.266667 0.300000 0.333333 0.366667 0.400000 0.433333 0.466667 0.500000
0.533333 0.566667 0.600000 0.633333 0.666667 0.700000 0.733333 0.766667 0.800000 0.833333 0.866667 0.900000 0.933333 0.966667 1.000000</float_array>
        <technique_common>
          <accessor source="#mixamorig_Hips-Matrix-animation-input-array" count="31">
            <param name="TIME" type="float"/>
          </accessor>
        </technique_common>
      </source>
      <source id="mixamorig_Hips-Matrix-animation-output-transform">
        <float_array id="mixamorig_Hips-Matrix-animation-output-transform-array" count="496">

0.997318 0.062484 0.038102 0.000231 -0.063812 0.997358 0.034707 92.656593 -0.035833 -0.037045 0.998671 0.000284 0.000000 0.000000 0.000000 1.000000
0.998523 0.053568 0.009043 0.256045 -0.053808 0.998134 0.028872 92.657448 -0.007480 -0.029316 0.999542 4.541517 0.000000 0.000000 0.000000 1.000000
0.998700 0.048001 -0.017135 0.518009 -0.047638 0.998644 0.020993 92.478653 0.018119 -0.020149 0.999633 9.233042 0.000000 0.000000 0.000000 1.000000
0.997980 0.048270 -0.041309 0.783665 -0.047768 0.998773 0.013063 92.100563 0.041889 -0.011063 0.999061 14.057302 0.000000 0.000000 0.000000 1.000000
0.996756 0.051153 -0.062136 1.040193 -0.050760 0.998680 0.007887 91.538208 0.062457 -0.004708 0.998037 18.989054 0.000000 0.000000 0.000000 1.000000
0.995955 0.047481 -0.076287 1.273042 -0.047058 0.998865 0.007339 90.870621 0.076549 -0.003719 0.997059 24.060287 0.000000 0.000000 0.000000 1.000000
0.996069 0.030689 -0.083095 1.487845 -0.029831 0.999488 0.011554 90.214859 0.083407 -0.009030 0.996475 29.387585 0.000000 0.000000 0.000000 1.000000
0.996136 0.003363 -0.087759 1.713496 -0.001658 0.999809 0.019496 89.666740 0.087807 -0.019275 0.995951 35.055195 0.000000 0.000000 0.000000 1.000000
0.994934 -0.027120 -0.096801 1.972777 0.030039 0.999133 0.028830 89.256767 0.095936 -0.031592 0.994886 40.966393 0.000000 0.000000 0.000000 1.000000
0.992243 -0.056329 -0.110815 2.253747 0.060715 0.997484 0.036604 88.994812 0.108475 -0.043049 0.993167 46.858086 0.000000 0.000000 0.000000 1.000000
0.988829 -0.082653 -0.124040 2.515900 0.088366 0.995233 0.041269 88.971748 0.120037 -0.051769 0.991419 52.498077 0.000000 0.000000 0.000000 1.000000
0.986121 -0.102469 -0.130632 2.718203 0.108990 0.993079 0.043763 89.347076 0.125243 -0.057394 0.990465 57.852577 0.000000 0.000000 0.000000 1.000000
0.985460 -0.110644 -0.128942 2.837409 0.117435 0.992001 0.046284 90.154861 0.122790 -0.060753 0.990571 63.043198 0.000000 0.000000 0.000000 1.000000
0.987154 -0.105917 -0.119621 2.868718 0.112530 0.992393 0.049935 91.163643 0.113422 -0.062754 0.991563 68.176865 0.000000 0.000000 0.000000 1.000000
0.990433 -0.092500 -0.102403 2.819041 0.098349 0.993706 0.053619 92.013275 0.096799 -0.063177 0.993297 73.264534 0.000000 0.000000 0.000000 1.000000
0.994172 -0.075713 -0.076744 2.699510 0.080023 0.995289 0.054735 92.488693 0.072239 -0.060557 0.995547 78.291306 0.000000 0.000000 0.000000 1.000000
0.997300 -0.058491 -0.044412 2.520603 0.060733 0.996853 0.050944 92.612518 0.041292 -0.053503 0.997714 83.303078 0.000000 0.000000 0.000000 1.000000
0.999041 -0.042780 -0.009293 2.293697 0.043134 0.998185 0.042023 92.486923 0.007478 -0.042383 0.999073 88.393646 0.000000 0.000000 0.000000 1.000000
0.999206 -0.030832 0.025220 2.037574 0.030057 0.999081 0.030549 92.126503 -0.026139 -0.029767 0.999215 93.638641 0.000000 0.000000 0.000000 1.000000
0.998114 -0.022379 0.057159 1.779657 0.021243 0.999566 0.020396 91.488327 -0.057590 -0.019144 0.998157 99.083199 0.000000 0.000000 0.000000 1.000000
0.996323 -0.012947 0.084694 1.541696 0.011799 0.999832 0.014042 90.613899 -0.084862 -0.012991 0.996308 104.778358 0.000000 0.000000 0.000000 1.000000
0.994410 0.002033 0.105569 1.317267 -0.003267 0.999928 0.011521 89.676704 -0.105538 -0.011801 0.994345 110.763672 0.000000 0.000000 0.000000 1.000000
0.992784 0.022924 0.117706 1.067233 -0.024497 0.999629 0.011934 88.896118 -0.117389 -0.014732 0.992977 116.968414 0.000000 0.000000 0.000000 1.000000
0.991660 0.047032 0.119992 0.747230 -0.049187 0.998676 0.015056 88.443916 -0.119125 -0.020832 0.992661 123.161736 0.000000 0.000000 0.000000 1.000000
0.990955 0.071054 0.113836 0.350140 -0.073901 0.997045 0.020981 88.419441 -0.112009 -0.029203 0.993278 129.068237 0.000000 0.000000 0.000000 1.000000
0.990414 0.090564 0.104299 -0.068092 -0.094004 0.995163 0.028540 88.858200 -0.101210 -0.038071 0.994136 134.561600 0.000000 0.000000 0.000000 1.000000
0.990194 0.100326 0.097217 -0.402282 -0.104132 0.993951 0.034894 89.702866 -0.093128 -0.044675 0.994651 139.729156 0.000000 0.000000 0.000000 1.000000
0.990794 0.098064 0.093328 -0.554542 -0.101944 0.994074 0.037744 90.752716 -0.089074 -0.046910 0.994920 144.756073 0.000000 0.000000 0.000000 1.000000
0.992444 0.087111 0.086413 -0.496970 -0.090610 0.995183 0.037425 91.711357 -0.082737 -0.044972 0.995556 149.773148 0.000000 0.000000 0.000000 1.000000
0.994882 0.073682 0.069139 -0.284440 -0.076290 0.996440 0.035870 92.364075 -0.066250 -0.040961 0.996962 154.813217 0.000000 0.000000 0.000000 1.000000
0.997318 0.062484 0.038102 0.000230 -0.063812 0.997358 0.034707 92.656601 -0.035833 -0.037045 0.998671 159.859894 0.000000 0.000000 0.000000 1.000000</float_array>
        <technique_common>
          <accessor source="#mixamorig_Hips-Matrix-animation-output-transform-array" count="31" stride="16">
            <param type="float4x4"/>
          </accessor>
        </technique_common>
      </source>
      <source id="mixamorig_Hips-Interpolations">
        <Name_array id="mixamorig_Hips-Interpolations-array" count="31">
 LINEAR LINEAR LINEAR LINEAR LINEAR LINEAR LINEAR LINEAR LINEAR LINEAR LINEAR
LINEAR LINEAR LINEAR LINEAR LINEAR LINEAR LINEAR LINEAR LINEAR LINEAR LINEAR LINEAR
LINEAR LINEAR LINEAR LINEAR LINEAR LINEAR LINEAR LINEAR</Name_array>
        <technique_common>
          <accessor source="#mixamorig_Hips-Interpolations-array" count="31">
            <param type="name"/>
          </accessor>
        </technique_common>
      </source>
      <sampler id="mixamorig_Hips-Matrix-animation-transform">
        <input semantic="INPUT" source="#mixamorig_Hips-Matrix-animation-input"/>
        <input semantic="OUTPUT" source="#mixamorig_Hips-Matrix-animation-output-transform"/>
        <input semantic="INTERPOLATION" source="#mixamorig_Hips-Interpolations"/>
      </sampler>
      <channel source="#mixamorig_Hips-Matrix-animation-transform" target="mixamorig_Hips/matrix"/>
    </animation>
    <animation id="mixamorig_Spine-anim" name="mixamorig_Spine">
      <source id="mixamorig_Spine-Matrix-animation-input">
        <float_array id="mixamorig_Spine-Matrix-animation-input-array" count="31">

0.000000 0.033333 0.066667 0.100000 0.133333 0.166667 0.200000 0.233333 0.266667 0.300000 0.333333 0.366667 0.400000 0.433333 0.466667 0.500000
0.533333 0.566667 0.600000 0.633333 0.666667 0.700000 0.733333 0.766667 0.800000 0.833333 0.866667 0.900000 0.933333 0.966667 1.000000</float_array>
        <technique_common>
          <accessor source="#mixamorig_Spine-Matrix-animation-input-array" count="31">
            <param name="TIME" type="float"/>
          </accessor>
        </technique_common>
      </source>
      <source id="mixamorig_Spine-Matrix-animation-output-transform">
        <float_array id="mixamorig_Spine-Matrix-animation-output-transform-array" count="496">

0.997828 -0.055524 0.035454 0.000000 0.057153 0.997272 -0.046722 9.226300 -0.032763 0.048647 0.998279 1.577100 0.000000 0.000000 0.000000 1.000000
0.997602 -0.051840 0.045863 0.000000 0.053921 0.997514 -0.045369 9.226300 -0.043397 0.047733 0.997917 1.577100 0.000000 0.000000 0.000000 1.000000
0.996970 -0.052862 0.057068 -0.000000 0.055308 0.997578 -0.042173 9.226300 -0.054701 0.045201 0.997479 1.577100 0.000000 0.000000 0.000000 1.000000
0.995861 -0.059130 0.069028 -0.000000 0.061897 0.997334 -0.038658 9.226300 -0.066558 0.042770 0.996865 1.577100 0.000000 0.000000 0.000000 1.000000
0.994669 -0.065614 0.079548 -0.000000 0.068723 0.996950 -0.036989 9.226300 -0.076878 0.042258 0.996145 1.577100 0.000000 0.000000 0.000000 1.000000
0.994354 -0.062794 0.085545 0.000000 0.066252 0.997072 -0.038196 9.226300 -0.082896 0.043647 0.995602 1.577100 0.000000 0.000000 0.000000 1.000000
0.995266 -0.044206 0.086554 -0.000000 0.047874 0.998021 -0.040765 9.226300 -0.084581 0.044715 0.995413 1.577100 0.000000 0.000000 0.000000 1.000000
0.996260 -0.011704 0.085606 0.000000 0.015348 0.998998 -0.042031 9.226300 -0.085029 0.043188 0.995442 1.577100 0.000000 0.000000 0.000000 1.000000
0.995972 0.027189 0.085440 0.000000 -0.023746 0.998875 -0.041058 9.226300 -0.086460 0.038864 0.995497 1.577100 0.000000 0.000000 0.000000 1.000000
0.994260 0.065298 0.084757 -0.000000 -0.062121 0.997283 -0.039592 9.226300 -0.087112 0.034099 0.995615 1.577100 0.000000 0.000000 0.000000 1.000000
0.992036 0.097623 0.079585 0.000000 -0.094672 0.994702 -0.040055 9.226300 -0.083074 0.032202 0.996023 1.577100 0.000000 0.000000 0.000000 1.000000
0.990516 0.119476 0.067841 0.000000 -0.116721 0.992223 -0.043235 9.226300 -0.072479 0.034907 0.996759 1.577100 0.000000 0.000000 0.000000 1.000000
0.990593 0.126870 0.051272 0.000000 -0.124440 0.991060 -0.048103 9.226300 -0.056917 0.041270 0.997526 1.577100 0.000000 0.000000 0.000000 1.000000
0.992243 0.119792 0.033216 0.000000 -0.117937 0.991601 -0.053080 9.226300 -0.039295 0.048751 0.998038 1.577100 0.000000 0.000000 0.000000 1.000000
0.994532 0.103211 0.015893 0.000000 -0.102158 0.993142 -0.056854 9.226300 -0.021652 0.054919 0.998256 1.577100 0.000000 0.000000 0.000000 1.000000
0.996477 0.083865 0.000052 0.000000 -0.083719 0.994777 -0.058398 9.226300 -0.004949 0.058188 0.998293 1.577100 0.000000 0.000000 0.000000 1.000000
0.997665 0.066802 -0.014208 0.000000 -0.067510 0.996079 -0.057181 9.226300 0.010333 0.058007 0.998263 1.577100 0.000000 0.000000 0.000000 1.000000
0.998139 0.054625 -0.027100 0.000000 -0.056021 0.996983 -0.053726 9.226300 0.024083 0.055145 0.998188 1.577100 0.000000 0.000000 0.000000 1.000000
0.998120 0.047417 -0.038841 0.000000 -0.049316 0.997557 -0.049485 9.226300 0.036400 0.051308 0.998019 1.577100 0.000000 0.000000 0.000000 1.000000
0.997929 0.041819 -0.048885 0.000000 -0.044053 0.997991 -0.045538 9.226300 0.046883 0.047597 0.997766 1.577100 0.000000 0.000000 0.000000 1.000000
0.997926 0.031845 -0.055943 0.000000 -0.034190 0.998555 -0.041464 9.226300 0.054541 0.043291 0.997573 1.577100 0.000000 0.000000 0.000000 1.000000
0.998160 0.012892 -0.059252 -0.000000 -0.015055 0.999231 -0.036207 9.226300 0.058739 0.037032 0.997586 1.577100 0.000000 0.000000 0.000000 1.000000
0.998139 -0.014600 -0.059206 0.000000 0.012813 0.999454 -0.030453 9.226300 0.059618 0.029638 0.997781 1.577100 0.000000 0.000000 0.000000 1.000000
0.997381 -0.045476 -0.056238 -0.000000 0.043986 0.998655 -0.027452 9.226300 0.057411 0.024907 0.998040 1.577100 0.000000 0.000000 0.000000 1.000000
0.996094 -0.072851 -0.049893 0.000000 0.071397 0.996987 -0.030321 9.226300 0.051952 0.026641 0.998294 1.577100 0.000000 0.000000 0.000000 1.000000
0.995089 -0.090642 -0.039775 0.000000 0.089125 0.995280 -0.038389 9.226300 0.043067 0.034656 0.998471 1.577100 0.000000 0.000000 0.000000 1.000000
0.995069 -0.095487 -0.026815 -0.000000 0.094159 0.994445 -0.047038 9.226300 0.031157 0.044281 0.998533 1.577100 0.000000 0.000000 0.000000 1.000000
0.995987 -0.088603 -0.012653 0.000000 0.087840 0.994795 -0.051645 9.226300 0.017163 0.050326 0.998585 1.577100 0.000000 0.000000 0.000000 1.000000
0.997129 -0.075688 0.002033 0.000000 0.075693 0.995809 -0.051338 9.226300 0.001862 0.051344 0.998679 1.577100 0.000000 0.000000 0.000000 1.000000
0.997835 -0.063313 0.017796 0.000000 0.064112 0.996755 -0.048682 9.226300 -0.014656 0.049718 0.998656 1.577100 0.000000 0.000000 0.000000 1.000000
0.997828 -0.055524 0.035454 0.000000 0.057153 0.997272 -0.046722 9.226300 -0.032763 0.048647 0.998279 1.577100 0.000000 0.000000 0.000000 1.000000</float_array>
        <technique_common>
          <accessor source="#mixamorig_Spine-Matrix-animation-output-transform-array" count="31" stride="16">
            <param type="float4x4"/>
          </accessor>
        </technique_common>
      </source>
      <source id="mixamorig_Spine-Interpolations">
        <Name_array id="mixamorig_Spine-Interpolations-array" count="31">
 LINEAR LINEAR LINEAR LINEAR LINEAR LINEAR LINEAR LINEAR LINEAR LINEAR LINEAR
LINEAR LINEAR LINEAR LINEAR LINEAR LINEAR LINEAR LINEAR LINEAR LINEAR LINEAR LINEAR
LINEAR LINEAR LINEAR LINEAR LINEAR LINEAR LINEAR LINEAR</Name_array>
        <technique_common>
          <accessor source="#mixamorig_Spine-Interpolations-array" count="31">
            <param type="name"/>
          </accessor>
        </technique_common>
      </source>
      <sampler id="mixamorig_Spine-Matrix-animation-transform">
        <input semantic="INPUT" source="#mixamorig_Spine-Matrix-animation-input"/>
        <input semantic="OUTPUT" source="#mixamorig_Spine-Matrix-animation-output-transform"/>
        <input semantic="INTERPOLATION" source="#mixamorig_Spine-Interpolations"/>
      </sampler>
      <channel source="#mixamorig_Spine-Matrix-animation-transform" target="mixamorig_Spine/matrix"/>
    </animation>
    <animation id="mixamorig_Spine1-anim" name="mixamorig_Spine1">
      <source id="mixamorig_Spine1-Matrix-animation-input">
        <float_array id="mixamorig_Spine1-Matrix-animation-input-array" count="31">

0.000000 0.033333 0.066667 0.100000 0.133333 0.166667 0.200000 0.233333 0.266667 0.300000 0.333333 0.366667 0.400000 0.433333 0.466667 0.500000
0.533333 0.566667 0.600000 0.633333 0.666667 0.700000 0.733333 0.766667 0.800000 0.833333 0.866667 0.900000 0.933333 0.966667 1.000000</float_array>
        <technique_common>
          <accessor source="#mixamorig_Spine1-Matrix-animation-input-array" count="31">
            <param name="TIME" type="float"/>
          </accessor>
        </technique_common>
      </source>
      <source id="mixamorig_Spine1-Matrix-animation-output-transform">
        <float_array id="mixamorig_Spine1-Matrix-animation-output-transform-array" count="496">

0.999985 -0.002823 0.004648 0.000000 0.002575 0.998615 0.052550 16.254900 -0.004790 -0.052537 0.998607 0.000000 0.000000 0.000000 0.000000 1.000000
0.999979 -0.002008 0.006088 0.000000 0.001681 0.998582 0.053201 16.254900 -0.006186 -0.053190 0.998565 -0.000000 0.000000 0.000000 0.000000 1.000000
0.999971 -0.002266 0.007324 -0.000000 0.001857 0.998460 0.055450 16.254900 -0.007439 -0.055435 0.998435 0.000000 0.000000 0.000000 0.000000 1.000000
0.999958 -0.003572 0.008438 -0.000000 0.003076 0.998312 0.057996 16.254900 -0.008631 -0.057967 0.998281 0.000000 0.000000 0.000000 0.000000 1.000000
0.999942 -0.004986 0.009497 0.000000 0.004414 0.998227 0.059350 16.254900 -0.009776 -0.059305 0.998192 0.000000 0.000000 0.000000 0.000000 1.000000
0.999933 -0.004942 0.010474 0.000000 0.004315 0.998250 0.058982 16.254900 -0.010747 -0.058933 0.998204 0.000000 0.000000 0.000000 0.000000 1.000000
0.999934 -0.002476 0.011217 0.000000 0.001826 0.998335 0.057658 16.254900 -0.011341 -0.057633 0.998273 0.000000 0.000000 0.000000 0.000000 1.000000
0.999931 0.002033 0.011536 0.000000 -0.002678 0.998413 0.056248 16.254900 -0.011403 -0.056275 0.998350 0.000000 0.000000 0.000000 0.000000 1.000000
0.999909 0.007341 0.011298 0.000000 -0.007949 0.998470 0.054728 16.254900 -0.010879 -0.054813 0.998437 0.000000 0.000000 0.000000 0.000000 1.000000
0.999870 0.012224 0.010498 0.000000 -0.012761 0.998529 0.052704 16.254900 -0.009838 -0.052831 0.998555 -0.000000 0.000000 0.000000 0.000000 1.000000
0.999833 0.015766 0.009279 0.000000 -0.016216 0.998588 0.050583 16.254900 -0.008468 -0.050725 0.998677 0.000000 0.000000 0.000000 0.000000 1.000000
0.999820 0.017249 0.007847 0.000000 -0.017616 0.998618 0.049519 16.254900 -0.006982 -0.049648 0.998742 -0.000000 0.000000 0.000000 0.000000 1.000000
0.999847 0.016334 0.006309 0.000000 -0.016630 0.998609 0.050034 16.254900 -0.005483 -0.050131 0.998728 0.000000 0.000000 0.000000 0.000000 1.000000
0.999899 0.013462 0.004609 -0.000000 -0.013681 0.998596 0.051176 16.254900 -0.003913 -0.051234 0.998679 0.000000 0.000000 0.000000 0.000000 1.000000
0.999949 0.009758 0.002686 0.000000 -0.009884 0.998623 0.051517 16.254900 -0.002180 -0.051541 0.998669 -0.000000 0.000000 0.000000 0.000000 1.000000
0.999979 0.006415 0.000683 0.000000 -0.006441 0.998686 0.050841 16.254900 -0.000356 -0.050845 0.998707 0.000000 0.000000 0.000000 0.000000 1.000000
0.999990 0.004223 -0.001107 0.000000 -0.004162 0.998720 0.050400 16.254900 0.001318 -0.050395 0.998728 0.000000 0.000000 0.000000 0.000000 1.000000
0.999991 0.003503 -0.002545 -0.000000 -0.003367 0.998672 0.051418 16.254900 0.002722 -0.051409 0.998674 0.000000 0.000000 0.000000 0.000000 1.000000
0.999985 0.004029 -0.003819 0.000000 -0.003818 0.998550 0.053700 16.254900 0.004030 -0.053684 0.998550 0.000000 0.000000 0.000000 0.000000 1.000000
0.999975 0.004832 -0.005215 0.000000 -0.004533 0.998422 0.055970 16.254900 0.005477 -0.055945 0.998419 0.000000 0.000000 0.000000 0.000000 1.000000
0.999968 0.004441 -0.006696 0.000000 -0.004050 0.998350 0.057286 16.254900 0.006940 -0.057257 0.998335 0.000000 0.000000 0.000000 0.000000 1.000000
0.999968 0.001814 -0.007806 0.000000 -0.001360 0.998335 0.057668 16.254900 0.007898 -0.057656 0.998305 0.000000 0.000000 0.000000 0.000000 1.000000
0.999964 -0.002780 -0.008029 0.000000 0.003237 0.998347 0.057383 16.254900 0.007856 -0.057407 0.998320 -0.000000 0.000000 0.000000 0.000000 1.000000
0.999943 -0.007815 -0.007254 0.000000 0.008210 0.998384 0.056225 16.254900 0.006803 -0.056281 0.998392 0.000000 0.000000 0.000000 0.000000 1.000000
0.999917 -0.011434 -0.005876 0.000000 0.011735 0.998474 0.053963 16.254900 0.005250 -0.054027 0.998526 0.000000 0.000000 0.000000 0.000000 1.000000
0.999912 -0.012494 -0.004435 0.000000 0.012705 0.998605 0.051249 16.254900 0.003788 -0.051301 0.998676 0.000000 0.000000 0.000000 0.000000 1.000000
0.999934 -0.011075 -0.003172 0.000000 0.011219 0.998712 0.049480 16.254900 0.002620 -0.049512 0.998770 0.000000 0.000000 0.000000 0.000000 1.000000
0.999964 -0.008296 -0.001896 0.000000 0.008380 0.998738 0.049524 16.254900 0.001483 -0.049538 0.998771 0.000000 0.000000 0.000000 0.000000 1.000000
0.999985 -0.005552 -0.000246 0.000000 0.005557 0.998690 0.050863 16.254900 -0.000037 -0.050863 0.998706 0.000000 0.000000 0.000000 0.000000 1.000000
0.999991 -0.003682 0.001957 0.000000 0.003575 0.998630 0.052207 16.254900 -0.002146 -0.052199 0.998634 0.000000 0.000000 0.000000 0.000000 1.000000
0.999985 -0.002823 0.004648 0.000000 0.002575 0.998615 0.052550 16.254900 -0.004790 -0.052537 0.998607 -0.000000 0.000000 0.000000 0.000000 1.000000</float_array>
        <technique_common>
          <accessor source="#mixamorig_Spine1-Matrix-animation-output-transform-array" count="31" stride="16">
            <param type="float4x4"/>
          </accessor>
        </technique_common>
      </source>
      <source id="mixamorig_Spine1-Interpolations">
        <Name_array id="mixamorig_Spine1-Interpolations-array" count="31">
 LINEAR LINEAR LINEAR LINEAR LINEAR LINEAR LINEAR LINEAR LINEAR LINEAR LINEAR
LINEAR LINEAR LINEAR LINEAR LINEAR LINEAR LINEAR LINEAR LINEAR LINEAR LINEAR LINEAR
LINEAR LINEAR LINEAR LINEAR LINEAR LINEAR LINEAR LINEAR</Name_array>
        <technique_common>
          <accessor source="#mixamorig_Spine1-Interpolations-array" count="31">
            <param type="name"/>
          </accessor>
        </technique_common>
      </source>
      <sampler id="mixamorig_Spine1-Matrix-animation-transform">
        <input semantic="INPUT" source="#mixamorig_Spine1-Matrix-animation-input"/>
        <input semantic="OUTPUT" source="#mixamorig_Spine1-Matrix-animation-output-transform"/>
        <input semantic="INTERPOLATION" source="#mixamorig_Spine1-Interpolations"/>
      </sampler>
      <channel source="#mixamorig_Spine1-Matrix-animation-transform" target="mixamorig_Spine1/matrix"/>
    </animation>
    <animation id="mixamorig_Spine2-anim" name="mixamorig_Spine2">
      <source id="mixamorig_Spine2-Matrix-animation-input">
        <float_array id="mixamorig_Spine2-Matrix-animation-input-array" count="31">

0.000000 0.033333 0.066667 0.100000 0.133333 0.166667 0.200000 0.233333 0.266667 0.300000 0.333333 0.366667 0.400000 0.433333 0.466667 0.500000
0.533333 0.566667 0.600000 0.633333 0.666667 0.700000 0.733333 0.766667 0.800000 0.833333 0.866667 0.900000 0.933333 0.966667 1.000000</float_array>
        <technique_common>
          <accessor source="#mixamorig_Spine2-Matrix-animation-input-array" count="31">
            <param name="TIME" type="float"/>
          </accessor>
        </technique_common>
      </source>
      <source id="mixamorig_Spine2-Matrix-animation-output-transform">
        <float_array id="mixamorig_Spine2-Matrix-animation-output-transform-array" count="496">

0.999985 -0.002498 0.004812 0.000000 0.003083 0.992046 -0.125838 13.700700 -0.004460 0.125851 0.992039 -0.000000 0.000000 0.000000 0.000000 1.000000
0.999979 -0.001571 0.006253 -0.000000 0.002341 0.992130 -0.125190 13.700700 -0.006007 0.125202 0.992113 0.000000 0.000000 0.000000 0.000000 1.000000
0.999970 -0.001719 0.007560 0.000000 0.002635 0.992410 -0.122949 13.700700 -0.007292 0.122965 0.992384 0.000000 0.000000 0.000000 0.000000 1.000000
0.999957 -0.002917 0.008810 0.000000 0.003956 0.992717 -0.120407 13.700700 -0.008394 0.120437 0.992686 0.000000 0.000000 0.000000 0.000000 1.000000
0.999941 -0.004236 0.009982 -0.000000 0.005395 0.992873 -0.119052 13.700700 -0.009406 0.119099 0.992838 -0.000000 0.000000 0.000000 0.000000 1.000000
0.999932 -0.004125 0.010906 -0.000000 0.005399 0.992829 -0.119423 13.700700 -0.010335 0.119474 0.992784 0.000000 0.000000 0.000000 0.000000 1.000000
0.999934 -0.001637 0.011352 -0.000000 0.002997 0.992677 -0.120766 13.700700 -0.011071 0.120792 0.992616 0.000000 0.000000 0.000000 0.000000 1.000000
0.999933 0.002843 0.011177 0.000000 -0.001456 0.992504 -0.122205 13.700700 -0.011440 0.122180 0.992442 0.000000 0.000000 0.000000 0.000000 1.000000
0.999914 0.008072 0.010384 0.000000 -0.006725 0.992290 -0.123752 13.700700 -0.011303 0.123672 0.992259 0.000000 0.000000 0.000000 0.000000 1.000000
0.999876 0.012838 0.009103 -0.000000 -0.011591 0.991990 -0.125784 13.700700 -0.010645 0.125662 0.992016 -0.000000 0.000000 0.000000 0.000000 1.000000
0.999839 0.016255 0.007573 0.000000 -0.015154 0.991673 -0.127889 13.700700 -0.009589 0.127753 0.991760 0.000000 0.000000 0.000000 0.000000 1.000000
0.999826 0.017632 0.006056 -0.000000 -0.016705 0.991514 -0.128924 13.700700 -0.008278 0.128800 0.991636 -0.000000 0.000000 0.000000 0.000000 1.000000
0.999851 0.016636 0.004658 0.000000 -0.015901 0.991597 -0.128383 13.700700 -0.006755 0.128290 0.991714 0.000000 0.000000 0.000000 0.000000 1.000000
0.999901 0.013682 0.003242 0.000000 -0.013158 0.991787 -0.127223 13.700700 -0.004956 0.127168 0.991869 0.000000 0.000000 0.000000 0.000000 1.000000
0.999950 0.009870 0.001631 0.000000 -0.009584 0.991873 -0.126867 13.700700 -0.002870 0.126845 0.991918 -0.000000 0.000000 0.000000 0.000000 1.000000
0.999980 0.006399 -0.000119 0.000000 -0.006362 0.991814 -0.127530 13.700700 -0.000698 0.127528 0.991835 0.000000 0.000000 0.000000 0.000000 1.000000
0.999990 0.004085 -0.001747 0.000000 -0.004275 0.991770 -0.127963 13.700700 0.001209 0.127970 0.991777 0.000000 0.000000 0.000000 0.000000 1.000000
0.999990 0.003263 -0.003120 0.000000 -0.003633 0.991903 -0.126947 13.700700 0.002680 0.126957 0.991905 0.000000 0.000000 0.000000 0.000000 1.000000
0.999983 0.003694 -0.004414 0.000000 -0.004215 0.992189 -0.124669 13.700700 0.003919 0.124685 0.992189 0.000000 0.000000 0.000000 0.000000 1.000000
0.999973 0.004392 -0.005836 0.000000 -0.005073 0.992468 -0.122403 13.700700 0.005255 0.122429 0.992463 0.000000 0.000000 0.000000 0.000000 1.000000
0.999966 0.003901 -0.007218 0.000000 -0.004746 0.992629 -0.121096 13.700700 0.006692 0.121127 0.992615 0.000000 0.000000 0.000000 0.000000 1.000000
0.999967 0.001221 -0.008012 0.000000 -0.002180 0.992682 -0.120735 13.700700 0.007806 0.120749 0.992652 0.000000 0.000000 0.000000 0.000000 1.000000
0.999964 -0.003345 -0.007758 0.000000 0.002381 0.992644 -0.121045 13.700700 0.008106 0.121022 0.992617 -0.000000 0.000000 0.000000 0.000000 1.000000
0.999944 -0.008283 -0.006528 0.000000 0.007423 0.992476 -0.122214 13.700700 0.007491 0.122159 0.992482 0.000000 0.000000 0.000000 0.000000 1.000000
0.999919 -0.011782 -0.004897 -0.000000 0.011081 0.992162 -0.124462 13.700700 0.006325 0.124398 0.992212 -0.000000 0.000000 0.000000 0.000000 1.000000
0.999913 -0.012744 -0.003478 0.000000 0.012199 0.991809 -0.127143 13.700700 0.005070 0.127090 0.991878 0.000000 0.000000 0.000000 0.000000 1.000000
0.999934 -0.011261 -0.002442 0.000000 0.010852 0.991600 -0.128883 13.700700 0.003873 0.128848 0.991657 0.000000 0.000000 0.000000 0.000000 1.000000
0.999964 -0.008419 -0.001452 0.000000 0.008162 0.991633 -0.128831 13.700700 0.002525 0.128814 0.991665 0.000000 0.000000 0.000000 0.000000 1.000000
0.999984 -0.005576 -0.000012 0.000000 0.005529 0.991823 -0.127504 13.700700 0.000723 0.127502 0.991838 0.000000 0.000000 0.000000 0.000000 1.000000
0.999991 -0.003554 0.002103 -0.000000 0.003791 0.992001 -0.126176 13.700700 -0.001638 0.126183 0.992006 0.000000 0.000000 0.000000 0.000000 1.000000
0.999985 -0.002498 0.004812 0.000000 0.003083 0.992046 -0.125838 13.700700 -0.004460 0.125851 0.992039 0.000000 0.000000 0.000000 0.000000 1.000000</float_array>
        <technique_common>
          <accessor source="#mixamorig_Spine2-Matrix-animation-output-transform-array" count="31" stride="16">
            <param type="float4x4"/>
          </accessor>
        </technique_common>
      </source>
      <source id="mixamorig_Spine2-Interpolations">
        <Name_array id="mixamorig_Spine2-Interpolations-array" count="31">
 LINEAR LINEAR LINEAR LINEAR LINEAR LINEAR LINEAR LINEAR LINEAR LINEAR LINEAR
LINEAR LINEAR LINEAR LINEAR LINEAR LINEAR LINEAR LINEAR LINEAR LINEAR LINEAR LINEAR
LINEAR LINEAR LINEAR LINEAR LINEAR LINEAR LINEAR LINEAR</Name_array>
        <technique_common>
          <accessor source="#mixamorig_Spine2-Interpolations-array" count="31">
            <param type="name"/>
          </accessor>
        </technique_common>
      </source>
      <sampler id="mixamorig_Spine2-Matrix-animation-transform">
        <input semantic="INPUT" source="#mixamorig_Spine2-Matrix-animation-input"/>
        <input semantic="OUTPUT" source="#mixamorig_Spine2-Matrix-animation-output-transform"/>
        <input semantic="INTERPOLATION" source="#mixamorig_Spine2-Interpolations"/>
      </sampler>
      <channel source="#mixamorig_Spine2-Matrix-animation-transform" target="mixamorig_Spine2/matrix"/>
    </animation>
    <animation id="mixamorig_Neck-anim" name="mixamorig_Neck">
      <source id="mixamorig_Neck-Matrix-animation-input">
        <float_array id="mixamorig_Neck-Matrix-animation-input-array" count="31">

0.000000 0.033333 0.066667 0.100000 0.133333 0.166667 0.200000 0.233333 0.266667 0.300000 0.333333 0.366667 0.400000 0.433333 0.466667 0.500000
0.533333 0.566667 0.600000 0.633333 0.666667 0.700000 0.733333 0.766667 0.800000 0.833333 0.866667 0.900000 0.933333 0.966667 1.000000</float_array>
        <technique_common>
          <accessor source="#mixamorig_Neck-Matrix-animation-input-array" count="31">
            <param name="TIME" type="float"/>
          </accessor>
        </technique_common>
      </source>
      <source id="mixamorig_Neck-Matrix-animation-output-transform">
        <float_array id="mixamorig_Neck-Matrix-animation-output-transform-array" count="496">

0.999974 0.003130 0.006486 -0.000000 -0.003177 0.999969 0.007265 13.877500 -0.006464 -0.007285 0.999953 -4.354200 0.000000 0.000000 0.000000 1.000000
0.999955 0.005767 0.007578 0.000000 -0.005821 0.999958 0.007130 13.877500 -0.007537 -0.007174 0.999946 -4.354200 0.000000 0.000000 0.000000 1.000000
0.999922 0.008991 0.008617 0.000000 -0.009049 0.999937 0.006698 13.877500 -0.008556 -0.006775 0.999940 -4.354200 0.000000 0.000000 0.000000 1.000000
0.999878 0.012361 0.009511 0.000000 -0.012426 0.999900 0.006821 13.877500 -0.009426 -0.006938 0.999932 -4.354200 0.000000 0.000000 0.000000 1.000000
0.999841 0.014619 0.010202 0.000000 -0.014702 0.999859 0.008118 13.877500 -0.010081 -0.008266 0.999915 -4.354200 0.000000 0.000000 0.000000 1.000000
0.999843 0.014158 0.010690 0.000000 -0.014267 0.999846 0.010190 13.877500 -0.010544 -0.010341 0.999891 -4.354200 0.000000 0.000000 0.000000 1.000000
0.999887 0.010229 0.011021 0.000000 -0.010359 0.999876 0.011840 13.877500 -0.010899 -0.011952 0.999869 -4.354200 0.000000 0.000000 0.000000 1.000000
0.999930 0.003642 0.011274 -0.000000 -0.003782 0.999916 0.012428 13.877500 -0.011228 -0.012470 0.999859 -4.354200 0.000000 0.000000 0.000000 1.000000
0.999927 -0.003645 0.011558 0.000000 0.003498 0.999912 0.012772 13.877500 -0.011604 -0.012731 0.999852 -4.354200 0.000000 0.000000 0.000000 1.000000
0.999883 -0.009493 0.011968 0.000000 0.009323 0.999855 0.014231 13.877500 -0.012102 -0.014118 0.999827 -4.354200 0.000000 0.000000 0.000000 1.000000
0.999846 -0.012282 0.012543 0.000000 0.012069 0.999785 0.016886 13.877500 -0.012747 -0.016732 0.999779 -4.354200 0.000000 0.000000 0.000000 1.000000
0.999848 -0.011308 0.013283 0.000000 0.011054 0.999758 0.019040 13.877500 -0.013495 -0.018890 0.999730 -4.354200 0.000000 0.000000 0.000000 1.000000
0.999874 -0.007090 0.014184 -0.000000 0.006822 0.999799 0.018836 13.877500 -0.014315 -0.018737 0.999722 -4.354200 0.000000 0.000000 0.000000 1.000000
0.999884 -0.001325 0.015146 0.000000 0.001080 0.999868 0.016194 13.877500 -0.015165 -0.016175 0.999754 -4.354200 0.000000 0.000000 0.000000 1.000000
0.999867 0.003829 0.015837 -0.000000 -0.004033 0.999909 0.012871 13.877500 -0.015786 -0.012933 0.999792 -4.354200 0.000000 0.000000 0.000000 1.000000
0.999853 0.006694 0.015801 0.000000 -0.006864 0.999919 0.010735 13.877500 -0.015728 -0.010842 0.999818 -4.354200 0.000000 0.000000 0.000000 1.000000
0.999869 0.006533 0.014806 0.000000 -0.006687 0.999924 0.010328 13.877500 -0.014737 -0.010426 0.999837 -4.354200 0.000000 0.000000 0.000000 1.000000
0.999908 0.003589 0.013087 -0.000000 -0.003735 0.999931 0.011116 13.877500 -0.013046 -0.011164 0.999853 -4.354200 0.000000 0.000000 0.000000 1.000000
0.999937 -0.000808 0.011174 0.000000 0.000668 0.999921 0.012587 13.877500 -0.011183 -0.012579 0.999858 -4.354200 0.000000 0.000000 0.000000 1.000000
0.999946 -0.004222 0.009496 -0.000000 0.004083 0.999885 0.014584 13.877500 -0.009556 -0.014545 0.999849 -4.354200 0.000000 0.000000 0.000000 1.000000
0.999958 -0.004007 0.008228 0.000000 0.003869 0.999852 0.016762 13.877500 -0.008294 -0.016729 0.999826 -4.354200 0.000000 0.000000 0.000000 1.000000
0.999972 0.000931 0.007468 0.000000 -0.001069 0.999829 0.018440 13.877500 -0.007449 -0.018447 0.999802 -4.354200 0.000000 0.000000 0.000000 1.000000
0.999933 0.008963 0.007374 -0.000000 -0.009104 0.999772 0.019319 13.877500 -0.007199 -0.019385 0.999786 -4.354200 0.000000 0.000000 0.000000 1.000000
0.999833 0.016458 0.007981 0.000000 -0.016615 0.999663 0.019930 13.877500 -0.007650 -0.020059 0.999770 -4.354200 0.000000 0.000000 0.000000 1.000000
0.999761 0.019983 0.008922 0.000000 -0.020165 0.999579 0.020838 13.877500 -0.008502 -0.021013 0.999743 -4.354200 0.000000 0.000000 0.000000 1.000000
0.999787 0.018299 0.009495 0.000000 -0.018500 0.999597 0.021521 13.877500 -0.009098 -0.021693 0.999723 -4.354200 0.000000 0.000000 0.000000 1.000000
0.999875 0.012861 0.009154 -0.000000 -0.013047 0.999703 0.020603 13.877500 -0.008886 -0.020720 0.999746 -4.354200 0.000000 0.000000 0.000000 1.000000
0.999946 0.006702 0.008000 0.000000 -0.006840 0.999825 0.017411 13.877500 -0.007882 -0.017464 0.999816 -4.354200 0.000000 0.000000 0.000000 1.000000
0.999974 0.002571 0.006744 -0.000000 -0.002659 0.999912 0.012980 13.877500 -0.006710 -0.012998 0.999893 -4.354200 0.000000 0.000000 0.000000 1.000000
0.999980 0.001511 0.006121 -0.000000 -0.001567 0.999957 0.009157 13.877500 -0.006107 -0.009167 0.999939 -4.354200 0.000000 0.000000 0.000000 1.000000
0.999974 0.003130 0.006487 0.000000 -0.003178 0.999969 0.007265 13.877500 -0.006464 -0.007285 0.999953 -4.354200 0.000000 0.000000 0.000000 1.000000</float_array>
        <technique_common>
          <accessor source="#mixamorig_Neck-Matrix-animation-output-transform-array" count="31" stride="16">
            <param type="float4x4"/>
          </accessor>
        </technique_common>
      </source>
      <source id="mixamorig_Neck-Interpolations">
        <Name_array id="mixamorig_Neck-Interpolations-array" count="31">
 LINEAR LINEAR LINEAR LINEAR LINEAR LINEAR LINEAR LINEAR LINEAR LINEAR LINEAR
LINEAR LINEAR LINEAR LINEAR LINEAR LINEAR LINEAR LINEAR LINEAR LINEAR LINEAR LINEAR
LINEAR LINEAR LINEAR LINEAR LINEAR LINEAR LINEAR LINEAR</Name_array>
        <technique_common>
          <accessor source="#mixamorig_Neck-Interpolations-array" count="31">
            <param type="name"/>
          </accessor>
        </technique_common>
      </source>
      <sampler id="mixamorig_Neck-Matrix-animation-transform">
        <input semantic="INPUT" source="#mixamorig_Neck-Matrix-animation-input"/>
        <input semantic="OUTPUT" source="#mixamorig_Neck-Matrix-animation-output-transform"/>
        <input semantic="INTERPOLATION" source="#mixamorig_Neck-Interpolations"/>
      </sampler>
      <channel source="#mixamorig_Neck-Matrix-animation-transform" target="mixamorig_Neck/matrix"/>
    </animation>
    <animation id="mixamorig_Neck1-anim" name="mixamorig_Neck1">
      <source id="mixamorig_Neck1-Matrix-animation-input">
        <float_array id="mixamorig_Neck1-Matrix-animation-input-array" count="31">

0.000000 0.033333 0.066667 0.100000 0.133333 0.166667 0.200000 0.233333 0.266667 0.300000 0.333333 0.366667 0.400000 0.433333 0.466667 0.500000
0.533333 0.566667 0.600000 0.633333 0.666667 0.700000 0.733333 0.766667 0.800000 0.833333 0.866667 0.900000 0.933333 0.966667 1.000000</float_array>
        <technique_common>
          <accessor source="#mixamorig_Neck1-Matrix-animation-input-array" count="31">
            <param name="TIME" type="float"/>
          </accessor>
        </technique_common>
      </source>
      <source id="mixamorig_Neck1-Matrix-animation-output-transform">
        <float_array id="mixamorig_Neck1-Matrix-animation-output-transform-array" count="496">

1.000000 0.000000 0.000000 -0.000000 0.000000 1.000000 0.000000 4.340000 0.000000 -0.000000 1.000000 0.926900 0.000000 0.000000 0.000000 1.000000
1.000000 0.000000 0.000000 0.000000 0.000000 1.000000 -0.000000 4.340000 0.000000 -0.000000 1.000000 0.926900 0.000000 0.000000 0.000000 1.000000
1.000000 0.000000 -0.000000 -0.000000 -0.000000 1.000000 0.000000 4.340000 0.000000 -0.000000 1.000000 0.926900 0.000000 0.000000 0.000000 1.000000
1.000000 -0.000000 0.000000 0.000000 0.000000 1.000000 -0.000000 4.340000 0.000000 0.000000 1.000000 0.926900 0.000000 0.000000 0.000000 1.000000
1.000000 -0.000000 0.000000 0.000000 0.000000 1.000000 -0.000000 4.340000 -0.000000 -0.000000 1.000000 0.926900 0.000000 0.000000 0.000000 1.000000
1.000000 -0.000000 0.000000 0.000000 0.000000 1.000000 0.000000 4.340000 0.000000 -0.000000 1.000000 0.926900 0.000000 0.000000 0.000000 1.000000
1.000000 0.000000 -0.000000 -0.000000 0.000000 1.000000 -0.000000 4.340000 0.000000 -0.000000 1.000000 0.926900 0.000000 0.000000 0.000000 1.000000
1.000000 0.000000 0.000000 0.000000 0.000000 1.000000 0.000000 4.340000 0.000000 0.000000 1.000000 0.926900 0.000000 0.000000 0.000000 1.000000
1.000000 0.000000 0.000000 0.000000 -0.000000 1.000000 -0.000000 4.340000 -0.000000 -0.000000 1.000000 0.926900 0.000000 0.000000 0.000000 1.000000
1.000000 0.000000 0.000000 -0.000000 0.000000 1.000000 -0.000000 4.340000 -0.000000 0.000000 1.000000 0.926900 0.000000 0.000000 0.000000 1.000000
1.000000 0.000000 -0.000000 0.000000 0.000000 1.000000 0.000000 4.340000 -0.000000 0.000000 1.000000 0.926900 0.000000 0.000000 0.000000 1.000000
1.000000 -0.000000 0.000000 -0.000000 -0.000000 1.000000 -0.000000 4.340000 0.000000 0.000000 1.000000 0.926900 0.000000 0.000000 0.000000 1.000000
1.000000 0.000000 -0.000000 0.000000 0.000000 1.000000 0.000000 4.340000 -0.000000 0.000000 1.000000 0.926900 0.000000 0.000000 0.000000 1.000000
1.000000 -0.000000 0.000000 0.000000 0.000000 1.000000 0.000000 4.340000 0.000000 0.000000 1.000000 0.926900 0.000000 0.000000 0.000000 1.000000
1.000000 0.000000 -0.000000 0.000000 0.000000 1.000000 0.000000 4.340000 0.000000 -0.000000 1.000000 0.926900 0.000000 0.000000 0.000000 1.000000
1.000000 0.000000 -0.000000 0.000000 0.000000 1.000000 0.000000 4.340000 0.000000 0.000000 1.000000 0.926900 0.000000 0.000000 0.000000 1.000000
1.000000 -0.000000 0.000000 0.000000 -0.000000 1.000000 -0.000000 4.340000 0.000000 0.000000 1.000000 0.926900 0.000000 0.000000 0.000000 1.000000
1.000000 -0.000000 0.000000 0.000000 0.000000 1.000000 0.000000 4.340000 0.000000 0.000000 1.000000 0.926900 0.000000 0.000000 0.000000 1.000000
1.000000 0.000000 -0.000000 0.000000 -0.000000 1.000000 0.000000 4.340000 -0.000000 0.000000 1.000000 0.926900 0.000000 0.000000 0.000000 1.000000
1.000000 -0.000000 0.000000 -0.000000 0.000000 1.000000 -0.000000 4.340000 -0.000000 0.000000 1.000000 0.926900 0.000000 0.000000 0.000000 1.000000
1.000000 -0.000000 0.000000 -0.000000 -0.000000 1.000000 0.000000 4.340000 0.000000 0.000000 1.000000 0.926900 0.000000 0.000000 0.000000 1.000000
1.000000 0.000000 -0.000000 0.000000 -0.000000 1.000000 -0.000000 4.340000 0.000000 -0.000000 1.000000 0.926900 0.000000 0.000000 0.000000 1.000000
1.000000 0.000000 0.000000 0.000000 0.000000 1.000000 0.000000 4.340000 -0.000000 -0.000000 1.000000 0.926900 0.000000 0.000000 0.000000 1.000000
1.000000 0.000000 -0.000000 0.000000 0.000000 1.000000 -0.000000 4.340000 0.000000 0.000000 1.000000 0.926900 0.000000 0.000000 0.000000 1.000000
1.000000 0.000000 0.000000 0.000000 0.000000 1.000000 0.000000 4.340000 0.000000 0.000000 1.000000 0.926900 0.000000 0.000000 0.000000 1.000000
1.000000 0.000000 0.000000 0.000000 -0.000000 1.000000 0.000000 4.340000 0.000000 0.000000 1.000000 0.926900 0.000000 0.000000 0.000000 1.000000
1.000000 0.000000 0.000000 0.000000 0.000000 1.000000 0.000000 4.340000 0.000000 0.000000 1.000000 0.926900 0.000000 0.000000 0.000000 1.000000
1.000000 -0.000000 0.000000 0.000000 0.000000 1.000000 0.000000 4.340000 -0.000000 0.000000 1.000000 0.926900 0.000000 0.000000 0.000000 1.000000
1.000000 -0.000000 0.000000 0.000000 0.000000 1.000000 -0.000000 4.340000 0.000000 0.000000 1.000000 0.926900 0.000000 0.000000 0.000000 1.000000
1.000000 0.000000 -0.000000 0.000000 0.000000 1.000000 0.000000 4.340000 0.000000 -0.000000 1.000000 0.926900 0.000000 0.000000 0.000000 1.000000
1.000000 -0.000000 -0.000000 0.000000 0.000000 1.000000 0.000000 4.340000 0.000000 0.000000 1.000000 0.926900 0.000000 0.000000 0.000000 1.000000</float_array>
        <technique_common>
          <accessor source="#mixamorig_Neck1-Matrix-animation-output-transform-array" count="31" stride="16">
            <param type="float4x4"/>
          </accessor>
